Company,Vehicle_ID,Type,Latitude,Longitude,Battery_Pct,Range_Miles,Is_Available,Is_Disabled,Is_Reserved
Veo,737123fb-39a3-5604-a079-01529c3f2eb4,bicycle,39.947116,-83.044302,,28.14,True,False,False
Veo,c2aa8c7a-975d-56b7-8eeb-8bcab77ac84d,scooter,40.014273,-83.013203,,28.14,True,False,False
Veo,7f111544-eb69-557d-acc5-47bdc2633d14,bicycle,39.991927,-83.007718,,25.94,True,False,False
Veo,c78ee109-79d6-504e-9a2b-567604e5c487,bicycle,39.951327,-82.992476,,14.86,True,False,False
Veo,2008433,scooter,39.942056,-82.994937,,27.77,True,False,False
Veo,04f24181-0b51-5607-840a-024381593b48,bicycle,39.958021,-82.899074,,7.62,True,False,False
Veo,a4bbde59-4343-58c1-bc3c-62ee2925c6f3,scooter,40.003722,-83.019814,,22.39,True,False,False
Veo,e621526b-4786-5a70-8688-7288714e8ce1,scooter,40.113663,-83.124503,,13.86,True,False,False
Veo,c44e0daa-a8ff-5044-856e-40cccddbb5db,scooter,39.999567,-83.016741,,21.15,True,False,False
Veo,6318dbec-ded5-52d6-98ae-103b0f45a91b,bicycle,39.959132,-83.002109,,25.65,True,False,False
Veo,823ae2d2-6676-5d79-99f0-b647347642b5,scooter,39.993698,-83.010852,,22.39,True,False,False
Veo,2014f591-1bfb-52bc-8929-494878b85a1f,bicycle,39.99638,-82.996028,,28.14,True,False,False
Veo,38cd3863-5cdc-5214-b642-77d10cc61821,scooter,39.962043,-83.003487,,24.33,True,False,False
Veo,8baf7c3d-d63f-58ad-9077-627a659b25c5,scooter,39.976357,-83.010885,,25.94,True,False,False
Veo,a50ed52a-5bc4-5aa5-8fc1-aba6a76be9d9,bicycle,39.971952,-82.977133,,8.78,True,False,False
Veo,45ee67f7-7340-5340-8d4b-f07c331c5a3c,scooter,40.006098,-83.008371,,28.01,True,False,False
Veo,df8b6c0a-5506-59f5-997c-636577655ae7,scooter,39.94751,-83.049325,,28.14,True,False,False
Veo,dc2fda82-bcf0-50c5-b5de-e8e4273cc2f1,bicycle,40.000807,-83.017197,,26.51,True,False,False
Veo,db29e87a-ffad-5fbc-9e8e-4650cf8f83c3,bicycle,39.970371,-82.970984,,9.97,True,False,False
Veo,e85d9f64-577d-5904-82a9-d787174a186c,scooter,40.020839,-83.038203,,15.89,True,False,False
Veo,2008162,scooter,39.954187,-83.013804,,28.14,True,False,False
Veo,124fa006-784f-5741-901e-5893252669ae,scooter,39.997836,-83.007856,,23.02,True,False,False
Veo,b78352d8-b018-539f-8cb2-262a7bdbee29,bicycle,40.003408,-83.012942,,27.02,True,False,False
Veo,bf5a68a6-f7b1-57c6-8aca-7a8a355180b0,bicycle,40.003549,-83.015911,,25.94,True,False,False
Veo,259c8549-ccdd-5380-aa8a-009877f8c999,scooter,39.985229,-83.016033,,24.84,True,False,False
Veo,2008177,bicycle,39.958687,-82.999778,,25.65,True,False,False
Veo,46aea2a1-5df2-589c-ad35-70a73ae6a3e4,scooter,39.945866,-83.060031,,28.14,True,False,False
Veo,7b1c5869-2ced-5b6a-85bc-e0ec04b52de8,scooter,39.966398,-82.965414,,23.33,True,False,False
Veo,ebc05dba-8a7e-51dd-a8aa-3df925f285a3,bicycle,39.978263,-83.001787,,27.02,True,False,False
Veo,75bfe0cd-8af7-58c8-ba2a-a51aeb79a343,scooter,39.970961,-83.004203,,16.39,True,False,False
Veo,a0871954-fa49-58e4-9dd4-3f8b7fb6db54,scooter,39.990226,-83.009082,,19.78,True,False,False
Veo,351bab87-5d05-5172-acbf-1b4048b18139,scooter,40.015913,-83.030262,,6.98,True,False,False
Veo,d24ecffc-dce2-579a-95d8-65f154087b62,scooter,40.100755,-83.115391,,14.17,True,False,False
Veo,9bbd06df-0383-5e76-8206-293e33296624,scooter,39.995993,-83.002671,,24.84,True,False,False
Veo,de00af95-e8f2-5712-9987-e07d727a28d6,scooter,39.999645,-83.015391,,11.11,True,False,False
Veo,382e1181-7975-5075-8da6-53daf329f424,scooter,40.001977,-83.015448,,13.1,True,False,False
Veo,6de8d7dd-bc13-5088-9229-b505b81db44d,scooter,39.968895,-83.003786,,25.94,True,False,False
Veo,62ceb885-91a6-501b-a77b-43838ee53097,scooter,40.001884,-83.0081,,28.14,True,False,False
Veo,9fe0bd40-4922-5b87-bb7d-bc86115fbb68,scooter,39.967349,-82.997886,,12.28,True,False,False
Veo,b8b18b46-99c9-50e5-926e-98431f741302,bicycle,39.963687,-83.000748,,15.89,True,False,False
Veo,82626d27-8bf3-5113-981e-251bf570cd65,bicycle,40.002557,-83.008639,,28.14,True,False,False
Veo,0496a44b-bf28-521a-b2a2-822779a2f121,bicycle,39.879309,-82.985082,,24.84,True,False,False
Veo,95075b30-0e40-5c12-95c8-2ff9728c6dbd,scooter,39.967631,-83.013444,,28.01,True,False,False
Veo,3be8d97d-1fa8-5184-8c93-e129dab77175,scooter,39.950278,-82.982908,,12.63,False,False,True
Veo,3fce626e-2e2a-570e-a9dc-c0dcba191fcb,scooter,39.958567,-83.002651,,28.14,True,False,False
Veo,c30789db-568a-5c81-8c35-9c1df8dcaa1d,bicycle,39.959131,-83.002068,,25.12,True,False,False
Veo,c4f2805c-7a0b-5800-9e71-577e449ba239,scooter,40.015851,-83.031133,,8.43,True,False,False
Veo,2a77e718-6b1c-592a-932a-ab20a2c900ff,bicycle,39.957102,-83.095418,,6.07,True,False,False
Veo,3d981c82-2d92-5a1b-941b-a743c104ce77,scooter,40.002474,-83.000293,,27.02,True,False,False
Veo,f01b8182-eb36-5959-90fd-a1bae2a12c24,scooter,39.998899,-83.010575,,16.39,True,False,False
Veo,689029e4-6082-59e1-8ee9-8e4a655e2cb7,bicycle,39.953949,-82.998926,,28.14,True,False,False
Veo,71a08245-a7c3-5268-87e3-0dc2bd3f8e52,bicycle,40.028454,-83.009365,,28.14,True,False,False
Veo,39996ed9-0a93-53d5-9f48-540ffa4ad0d7,bicycle,39.928454,-82.964571,,13.86,True,False,False
Veo,9cdc98ca-a69c-5022-b59a-950059593161,bicycle,39.990918,-83.011108,,28.01,True,False,False
Veo,38ec555e-6764-54d5-925b-90b9c1c4dac3,scooter,39.938394,-82.987899,,10.31,True,False,False
Veo,ce3d479b-85ed-5e6c-b31d-14101d306d1a,scooter,40.005607,-83.011394,,26.25,True,False,False
Veo,873e486e-4e12-54f3-83d3-2d8b10a40f51,scooter,39.946304,-82.96101,,8.09,True,False,False
Veo,a1d6af10-d4d4-5f83-bd97-3cee614aac40,bicycle,39.99587,-83.038076,,13.64,True,False,False
Veo,b4b2e143-2622-5766-a205-5dd2a1442a1d,bicycle,39.983724,-83.014028,,26.78,True,False,False
Veo,36f433d2-ffed-5324-85b5-72879c3c2101,bicycle,40.001882,-83.010526,,13.64,True,False,False
Veo,10b33625-3c5b-5afc-a2ec-6f196de90107,scooter,39.993468,-83.035231,,19.39,True,False,False
Veo,f30665df-85e9-50ea-be93-b994a1834488,bicycle,40.001543,-83.003891,,14.43,True,False,False
Veo,7b6b75fc-1f07-554d-9149-9d8fe1cf0651,bicycle,40.064633,-83.051856,,26.78,True,False,False
Veo,588a9ed3-80cc-5ace-ade8-38acc9984ef5,bicycle,40.001122,-83.008441,,13.64,True,False,False
Veo,85abeb2c-2e5c-51a6-b463-a831ecfb4141,scooter,40.098842,-83.114487,,28.14,True,False,False
Veo,c204d7bf-54c1-5dc9-b0e3-d777cb2bb561,bicycle,40.006657,-83.016733,,20.05,True,False,False
Veo,b13b31fd-e422-570b-ba61-f662b965bc3e,scooter,39.969789,-83.008798,,13.39,True,False,False
Veo,8eca35d1-d276-504b-867f-4860a00b669a,scooter,39.99972,-83.002614,,20.37,True,False,False
Veo,c9ad2144-666a-5545-b1d2-5f79a930107f,bicycle,39.998906,-83.038969,,28.14,True,False,False
Veo,75bcfa7b-6553-5c15-aa0c-9bf61d8692ba,scooter,40.024426,-83.026289,,22.05,True,False,False
Veo,91b42dca-aa83-53ab-ad94-fd6c93d3fdb2,bicycle,39.923567,-82.988312,,25.65,True,False,False
Veo,823b3c13-57b0-52ba-8953-f6770ccf2187,bicycle,39.998464,-82.996428,,6.98,True,False,False
Veo,c0e87aa8-6f16-585a-8c34-600503f78f25,bicycle,40.10391,-83.10969,,3.48,True,False,False
Veo,bd9ed625-3a1b-57ad-933f-a60b4f02a58a,scooter,39.941873,-82.971901,,27.44,True,False,False
Veo,0f117ce2-defb-5212-8ce6-6f03a51a3343,bicycle,39.962286,-82.999329,,28.14,True,False,False
Veo,32814151-ddda-5207-ad47-f5f5ce0b3bb4,bicycle,39.905774,-82.985956,,28.14,True,False,False
Veo,1144e20b-7023-5f16-9700-78aa9e4a0676,bicycle,39.989893,-83.036421,,28.14,True,False,False
Veo,47164ca4-2fef-5c6a-a819-21f67777601f,scooter,39.964644,-82.980745,,22.05,True,False,False
Veo,369a385e-d5e2-5911-a243-018636ff792c,bicycle,39.942417,-82.982302,,25.12,True,False,False
Veo,dc414cb3-7019-5010-8cc6-1001fd77be76,bicycle,39.973542,-83.005079,,28.01,True,False,False
Veo,b8adefe0-0d37-5363-ae00-834ac8f681ed,scooter,40.00401,-83.013965,,12.63,True,False,False
Veo,f4c68dce-b7af-5928-9f16-1dccaf4e67a8,scooter,40.006076,-82.999834,,21.15,True,False,False
Veo,9f2d54e3-cbe3-5439-9959-1d584856f3cd,scooter,39.99731,-83.017531,,24.06,True,False,False
Veo,697c72d5-889f-5327-bf26-902e20159e23,scooter,39.998142,-83.009624,,28.14,True,False,False
Veo,0fd350a7-b413-56c9-bcc0-71bb6a70a760,scooter,39.96518,-82.975972,,28.14,True,False,False
Veo,235d0c91-5eef-54cf-b5bf-f71cbdf2abe2,scooter,39.961193,-83.006461,,25.65,True,False,False
Veo,a8e9c667-6615-5ad6-af8c-f9681cd9bace,bicycle,40.054173,-83.045818,,13.86,True,False,False
Veo,0d9933b9-03d4-5053-bf86-c76f342c7885,bicycle,40.006464,-83.014318,,20.37,True,False,False
Veo,d3090b28-ad00-5981-8238-05efe5e146b5,bicycle,39.901437,-82.994558,,28.14,True,False,False
Veo,6b34b9b4-e5a9-5fcf-8135-42a77cf2f452,bicycle,40.066895,-82.934278,,26.25,True,False,False
Veo,2b046051-6b28-5179-8853-e2fb2dc73789,bicycle,40.010728,-83.003965,,16.84,True,False,False
Veo,7b5472ba-0bc8-5f4e-9921-2aca504b24aa,bicycle,40.009673,-83.01593,,9.97,True,False,False
Veo,d1c9e4c6-45e7-574e-bd24-cf07b85c23f7,scooter,39.958786,-82.945598,,27.02,True,False,False
Veo,c47194b8-2839-5ead-a4fd-ef13b7b262c2,scooter,39.956192,-82.999252,,28.14,True,False,False
Veo,48b5ccd2-4e26-500f-8ddb-88442bc86348,scooter,40.005727,-83.013824,,25.12,True,False,False
Veo,54b03328-58c5-5fc0-97fd-0c4d820218a6,scooter,39.966764,-82.99826,,6.98,True,False,False
Veo,0cf1d939-19c6-5305-bbb8-5f23db780586,scooter,40.020991,-82.971371,,28.14,True,False,False
Veo,071b5cc0-05dd-50ac-a33a-082ed018f007,scooter,39.966329,-83.003091,,27.77,True,False,False
Veo,689ea0e8-7fc1-5d16-9ff7-0be375581333,bicycle,39.946043,-83.058026,,24.84,True,False,False
Veo,ecc91dea-ccf6-551a-93eb-185212ba445d,scooter,40.089821,-83.093897,,28.14,True,False,False
Veo,4181705e-e4b5-5ebc-8d7c-eb09298288f5,scooter,40.000274,-83.017944,,14.43,True,False,False
Veo,be991752-4d5f-55ed-b6da-f85f4e22dc2a,bicycle,39.979345,-83.001295,,28.01,True,False,False
Veo,fe72fd67-b3c6-50f4-ba49-8e92857d7e39,bicycle,39.998356,-83.021467,,28.14,True,False,False
Veo,5bdbc183-2f0f-5dee-9277-b34b10e7c55a,scooter,40.006512,-82.975734,,28.14,True,False,False
Veo,f0c47e83-8b8a-557e-93d8-4ce33cfae22d,scooter,39.99592,-83.013504,,13.64,True,False,False
Veo,dcf40f13-f340-537f-b2fc-954ce33fdd43,bicycle,39.94457,-82.989677,,28.14,True,False,False
Veo,50fa4d74-90aa-59fe-8155-ff3479e87271,bicycle,40.019802,-82.955343,,14.61,True,False,False
Veo,9d456240-485d-5b7f-99be-277b03d715f8,scooter,39.937307,-83.014239,,25.34,True,False,False
Veo,28017ec4-dc0f-5c10-990b-65b2040e176a,bicycle,39.914807,-82.993808,,7.62,True,False,False
Veo,e6728409-135a-599c-ab93-1810dfea6289,bicycle,39.996645,-83.007335,,12.52,True,False,False
Veo,ef8728e9-bcb3-5752-be24-8fdab87918f6,scooter,39.971645,-83.005471,,15.18,True,False,False
Veo,13b2ce08-ad94-58a4-88ff-57a39b637b9e,bicycle,40.004391,-83.011366,,13.1,True,False,False
Veo,6832363e-be45-58ab-9446-9f6ea5c52399,bicycle,40.023274,-83.031784,,28.14,True,False,False
Veo,aea76cf7-a135-5a3a-a4cf-ca67bd3ffee9,scooter,40.105782,-83.104781,,24.33,True,False,False
Veo,dc3c32d5-eedf-5ac0-8ba9-bfd2f249d1d6,bicycle,39.949803,-82.967224,,28.14,True,False,False
Veo,3fd7f069-dd13-5f99-9003-34689120283c,bicycle,39.949457,-83.109486,,21.77,True,False,False
Veo,c8d3094d-95e3-514f-a92f-3e999c2e505f,scooter,40.001887,-83.016376,,12.87,True,False,False
Veo,e0137976-a02b-541c-b02b-8f731d829f54,bicycle,40.103882,-83.109649,,2.09,True,False,False
Veo,5d819bcd-73e5-5706-ae65-95a8566f585a,scooter,39.958821,-82.956257,,27.02,True,False,False
Veo,c1182ceb-6697-5a5f-b86e-15c768e550a6,bicycle,40.038465,-82.995575,,7.29,True,False,False
Veo,5f81e2a7-917e-543c-9954-cde4f73c7ee2,scooter,40.005675,-83.011656,,13.1,True,False,False
Veo,8871f122-1ce7-584c-b0d7-4b6ae38b65e7,bicycle,39.968193,-82.977221,,6.31,True,False,False
Veo,7e42ff65-598b-5ecc-8200-f7a0a6982ebd,bicycle,39.957938,-82.910451,,27.02,True,False,False
Veo,e9acc7e5-91d0-5d2f-ba8c-da9d6a2be5af,bicycle,40.001857,-83.014612,,13.39,True,False,False
Veo,e10d2e1b-33b9-5a81-884e-8ba15ed8cb91,bicycle,39.954185,-83.013694,,16.84,True,False,False
Veo,7b359952-4f5e-51ba-a708-d2acc3dcb2b3,bicycle,39.990759,-83.014511,,28.14,True,False,False
Veo,5d8fcdf1-1797-58cf-98cf-92aa60e9c49f,bicycle,39.965948,-82.994396,,28.14,True,False,False
Veo,d5980aa2-f7eb-5e3f-8b61-37fbbd9f6337,bicycle,39.972744,-82.967968,,18.67,True,False,False
Veo,9e0def9a-c005-5f30-b8a9-05c49e6b4f60,scooter,39.92701,-82.970058,,26.78,True,False,False
Veo,37a82655-7dec-5e6e-8411-b8cd06fe39f5,bicycle,40.001391,-83.003743,,25.94,True,False,False
Veo,05148f33-8a51-5d55-ac0f-330fa2924fef,scooter,40.00492,-83.006688,,21.49,True,False,False
Veo,941cf4f0-1ad5-5641-afcd-c3da1e7f74dc,scooter,39.948338,-82.962773,,5.83,True,False,False
Veo,382b211e-2dc5-5fda-9df3-75860a029c04,bicycle,39.970416,-83.002373,,28.14,True,False,False
Veo,94632902-7383-5d1c-a8a3-bd8a2ce1d952,bicycle,39.954321,-82.980783,,12.52,True,False,False
Veo,b7bf5ae2-33c3-5041-8ebb-06f0f24eb8e6,bicycle,39.994331,-82.980933,,27.02,True,False,False
Veo,23aaee13-7ece-5fae-ab58-0d7333876535,bicycle,39.998095,-83.009473,,25.12,True,False,False
Veo,6df602dd-18ab-5d92-91a3-6f9ea90cb50b,scooter,39.94883,-82.99809,,26.25,True,False,False
Veo,fc9885ba-28e4-5351-9cf9-3ad0a91e4931,bicycle,39.949486,-82.995319,,28.14,True,False,False
Veo,a131f89a-2f5d-5434-aec5-1b40ddd4bb17,scooter,39.945771,-82.964124,,15.18,True,False,False
Veo,020856fb-c04d-57e3-951e-0d32725a97a7,bicycle,40.017774,-82.966929,,12.87,True,False,False
Veo,7e94b213-01ce-52c0-9c7a-a832c8ae5ad8,bicycle,39.98685,-83.040726,,26.25,True,False,False
Veo,abede31c-82ad-5013-9342-1ba24b925c09,bicycle,40.005718,-83.001744,,26.78,True,False,False
Veo,264313df-502d-5c36-a685-ff4d23c5d6db,bicycle,40.003304,-83.015743,,16.84,True,False,False
Veo,115afeee-79c0-56be-87a4-b4e189ceb198,bicycle,40.007855,-82.967518,,24.84,True,False,False
Veo,09ff6320-4232-5d3d-947a-e422edccb072,scooter,39.998305,-83.00805,,25.94,True,False,False
Veo,f6b57558-f21d-5be1-9c04-24ed4d91b8ac,bicycle,39.969319,-82.998282,,28.14,True,False,False
Veo,cfbdb115-90f4-5b85-813e-9b06cf2f6143,bicycle,40.0712,-82.940095,,19.05,True,False,False
Veo,f6c36277-f0c4-5be2-a884-24abba6b399e,bicycle,39.926429,-83.117527,,17.89,True,False,False
Veo,e2407fdd-c0f9-5556-b47d-db67d32181ed,bicycle,39.955822,-83.014693,,24.06,True,False,False
Veo,be1f75e1-b72d-55b0-b7ba-35c209e380f4,scooter,39.94831,-83.1067,,28.14,True,False,False
Veo,8841970b-4b8f-5ded-8380-97c28d665a2c,bicycle,39.958519,-83.002644,,28.14,True,False,False
Veo,e542c264-d2ee-5566-be10-9610a1e2408c,bicycle,39.954068,-83.015669,,7.29,True,False,False
Veo,58d58401-2fda-5c09-8e4f-6b20aa4eb4df,bicycle,40.002676,-82.979921,,28.14,True,False,False
Veo,9c7b5347-d000-5d48-a47a-39beba091a64,bicycle,39.959867,-83.011768,,26.25,True,False,False
Veo,ab40d806-3a2a-562b-9963-0377136478e7,scooter,39.948938,-82.954315,,26.78,True,False,False
Veo,f9c92563-8a12-5d80-89ef-57c12b63cc5d,bicycle,40.017851,-82.966253,,28.14,True,False,False
Veo,a9d7f1d2-97da-53f1-ad1e-0994115ce867,bicycle,40.09008,-83.108744,,12.63,True,False,False
Veo,5d719951-f446-5efd-85f1-270f756b4e1b,bicycle,39.9559180801078,-82.94530223016405,,0.0,True,False,False
Veo,761b9c2e-447f-546a-ab8f-04063091caaf,bicycle,40.098617,-83.114299,,28.14,True,False,False
Veo,523f2791-600a-5104-9309-8c340e5eb3d6,bicycle,39.958508,-82.975156,,27.44,True,False,False
Veo,7818edbc-69ee-556d-921d-7713aaccfe86,bicycle,40.016957,-82.956449,,18.67,True,False,False
Veo,178324cf-046d-532a-952e-14a7d51a9ade,bicycle,40.090676,-82.988463,,22.39,True,False,False
Veo,ac2b0ee4-b348-5745-9554-e1d2cd4c99f6,scooter,39.992046,-83.008607,,18.67,True,False,False
Veo,382d5001-fa6f-5a8b-9c21-a69b954d99fa,bicycle,40.001135,-82.996383,,12.87,True,False,False
Veo,62baa548-0d99-5018-9a09-a551a8259874,scooter,40.036091,-83.004959,,15.45,True,False,False
Veo,b87a4f74-3cc2-5810-9ae7-5579aed7295a,bicycle,39.939656,-82.990046,,15.18,True,False,False
Veo,9bbfba5b-91d2-50ab-96e3-8d590b1eefc1,bicycle,40.004046,-83.012812,,13.64,True,False,False
Veo,b3758843-ab9a-5bfe-875b-5da3611987c8,bicycle,39.999947,-83.00383,,26.78,True,False,False
Veo,6ff49a06-60cd-5488-9612-e94bd0bf9edf,bicycle,39.990728,-83.026107,,21.77,True,False,False
Veo,b121bb5a-5aaa-5c87-a5ac-d279d3dd9e76,bicycle,40.100775,-83.115376,,26.51,True,False,False
Veo,68abb01e-e29a-5751-b279-065258e4f8df,bicycle,39.991283,-82.99932,,27.44,True,False,False
Veo,408070a7-c039-5e84-8300-79c9cf739d52,bicycle,39.941519,-82.962169,,20.78,True,False,False
Veo,d9010536-62cb-57bf-b8b6-80374a99d6a6,bicycle,39.992431,-82.966159,,12.87,True,False,False
Veo,18d48623-951a-5da2-8658-94bb520ee37c,bicycle,39.965526,-83.00909,,26.78,True,False,False
Veo,6df53996-4e08-5702-89bf-51a67412c93c,scooter,39.960482,-83.013168,,25.34,True,False,False
Veo,501e2ee8-f542-51bd-9107-2aec17692113,bicycle,39.95904,-83.012716,,21.49,True,False,False
Veo,13def7fb-9321-575f-b16e-8a37ca238c92,bicycle,40.03372,-83.016565,,28.14,True,False,False
Veo,f43bd496-608e-56ee-b5db-2dec0f97bc69,bicycle,40.001137,-83.008419,,25.65,True,False,False
Veo,b1de50b9-9144-5d47-b1e2-0480a9a6899c,bicycle,39.999802,-82.998137,,16.39,True,False,False
Veo,ef2b6c00-e75c-5567-a07d-acc6f5d1c023,bicycle,40.001045,-83.00836,,28.01,True,False,False
Veo,b76e9c52-0ccc-5e93-8fe6-0c9d8a591bcf,bicycle,40.028442,-83.009337,,28.14,True,False,False
Veo,7bcbaf86-aa22-5e34-b8c2-f390e92ec10a,bicycle,39.960464,-83.039242,,19.05,True,False,False
Veo,7b7020db-f99e-5e59-8e21-4e24f5b134aa,bicycle,40.046325,-83.045441,,28.14,True,False,False
Veo,01189cd5-050e-54c7-a5b1-892cc086a55c,bicycle,40.002569,-83.015823,,28.14,True,False,False
Veo,d19d5c46-a200-53da-96ea-0dccc2c8ca7d,bicycle,40.002609,-83.015619,,28.14,True,False,False
Veo,e908e5fb-cabd-55f4-a728-f359cd5f40c5,bicycle,40.064117,-83.057434,,1.56,True,False,False
Veo,51ba3759-643b-5487-b7b5-63ed656f5061,scooter,39.947001,-83.054746,,12.52,True,False,False
Veo,f77d15b5-838d-5ba3-90f7-f479575ba9d1,bicycle,39.993639,-82.981093,,12.52,True,False,False
Veo,fb685f13-383d-5a34-b545-71a9abb34fb8,bicycle,39.989767,-82.995986,,28.14,True,False,False
Veo,16e4b263-9d04-5537-bd24-07a0611670dd,bicycle,40.017288,-82.992895,,13.64,True,False,False
Veo,83cba412-cdff-57fd-bd2d-07ef75ddff21,bicycle,39.908948,-82.962086,,6.98,True,False,False
Veo,61ba8d29-e9bc-5a73-97a1-20033582a349,bicycle,40.011328,-82.975855,,27.18,True,False,False
Veo,dac629db-50d2-5547-ae95-b86838b134af,bicycle,40.03757,-83.032016,,21.49,True,False,False
Veo,09d2f4c3-91ba-57ba-9223-8f8c53835f66,bicycle,39.957509,-83.011148,,26.78,True,False,False
Veo,8bf4ac30-7320-5e4b-91fa-64f3cde587c7,bicycle,39.948517,-83.053409,,28.14,True,False,False
Veo,09010eb1-346c-5d50-9187-bf1266d749f7,scooter,40.004324,-83.016155,,24.06,False,True,False
Veo,249b1e48-4e6c-5c2b-bb43-606fc44e7ab9,bicycle,40.060081,-83.00063,,10.51,True,False,False
Veo,35b11cd6-ad1c-5afe-949b-278609b0fdb5,bicycle,39.954201,-83.013698,,26.51,True,False,False
Veo,9361f036-4408-53ff-a43a-58dafd115cda,scooter,39.993295,-83.001707,,16.84,True,False,False
Veo,893fbf31-3ffe-5242-a63d-8fe019cb8bfe,bicycle,39.981329,-83.006133,,12.63,True,False,False
Veo,14862bcd-1c36-59af-a1ae-8718c4601625,bicycle,39.989114,-82.989993,,16.39,True,False,False
Veo,322192f1-0f3c-5e8b-a64d-23947bf47667,scooter,39.944614,-82.989625,,28.14,True,False,False
Veo,686ac191-ec7c-590b-85f2-e3e7a55e0ec8,scooter,40.000256,-83.017968,,25.94,True,False,False
Veo,4d3b7194-a58a-5320-a189-a2ff2bd50784,scooter,40.022443,-83.027457,,14.43,True,False,False
Veo,2f11070a-1f49-5308-a9df-448fad1b4f61,bicycle,39.987837,-82.965074,,1.15,True,False,False
Veo,aff08ecd-ff45-55ee-bb9a-1b284546ef69,bicycle,39.939682,-82.996862,,28.14,True,False,False
Veo,f67b6465-6eab-5f26-8c12-e927b22bc149,scooter,39.999467,-83.002967,,28.14,True,False,False
Veo,1fe114b6-ca4e-52be-b56e-dec37000c066,bicycle,40.030177,-82.960701,,26.78,True,False,False
Veo,f2f9090f-2e3f-5f67-b62a-2172d9c8d057,bicycle,39.95757,-82.958562,,15.18,True,False,False
Veo,5d9cd875-e18c-5717-bf07-459ff6a1586c,scooter,39.941301,-82.998019,,15.89,True,False,False
Veo,10fdb11a-2e89-50f3-8e11-d85297f83dcd,bicycle,40.003474,-82.996908,,14.86,True,False,False
Veo,e5df3bb9-2b9c-50a5-bc95-b40f356d17c2,bicycle,40.007139,-83.002737,,25.12,True,False,False
Veo,0ed5f5f9-230a-5b09-bd38-4a56d9b1fe38,bicycle,40.010483,-82.970156,,15.18,True,False,False
Veo,583292d6-a222-5167-8980-d7c37e2b6300,scooter,39.967475,-83.077156,,16.39,True,False,False
Veo,03dab634-7692-57f0-8c88-9f18ebbb4e70,bicycle,39.961531,-82.983563,,27.44,True,False,False
Veo,3db5c0de-8ddd-583c-a654-84b0e79e71c7,bicycle,39.955998910591006,-82.94532593339682,,0.0,True,False,False
Veo,add822b8-aede-5518-a490-e15bf8c5aece,bicycle,39.930391,-82.961413,,18.67,True,False,False
Veo,65a3b036-4487-5da6-b900-fabf4fb04ebe,bicycle,40.024429,-83.021795,,3.13,True,False,False
Veo,2fc82658-b54e-5db6-b1cd-b4e22e22e939,bicycle,39.991435,-83.011028,,9.29,True,False,False
Veo,e351ff37-1909-5243-a704-4f2663ba7adb,bicycle,40.001775,-83.014601,,24.06,True,False,False
Veo,98a57f1b-d1d0-5096-8ab0-ec52c86e6d82,bicycle,40.001329,-83.008138,,27.18,True,False,False
Veo,f231effd-9ae1-50f0-b20a-285813d83223,bicycle,40.100985,-83.108866,,24.33,True,False,False
Veo,a74bac8d-fabc-5e76-8282-a9ba4817cbee,bicycle,40.006538,-82.975662,,28.14,True,False,False
Veo,cc193ea6-fbb2-508f-990d-6ad6637b57d1,bicycle,40.006359,-82.973029,,15.18,True,False,False
Veo,4cd2b711-d926-5bd0-9510-3dfab470ba88,bicycle,39.996834,-83.006165,,27.44,True,False,False
Veo,8ca702e8-5ad0-568a-9933-a7bafe44a115,scooter,40.001036,-83.013939,,26.25,True,False,False
Veo,96da4d0c-5838-52f3-a3a9-ec15c898fed8,bicycle,39.95601596780117,-82.94534496039427,,0.0,True,False,False
Veo,9c573820-1057-56b5-8190-3d78a083e904,bicycle,39.943076,-82.975365,,28.14,True,False,False
Veo,f6d7259f-5426-5080-ac35-0573a0fde9a1,bicycle,40.053248,-83.049441,,14.61,True,False,False
Veo,b520953c-9823-5f77-9c49-f43b58589849,bicycle,39.988673,-82.989628,,27.44,True,False,False
Veo,1c992590-da11-5e90-a173-d11a3b7d3a0c,bicycle,40.03301,-82.906043,,14.17,True,False,False
Veo,3dc557bc-2bf9-53ae-bbec-69168ad3afee,bicycle,39.948301,-82.970349,,13.39,True,False,False
Veo,b6053af5-77b9-5675-8ee1-ecdae8b14b3f,bicycle,39.951092,-83.058895,,16.84,True,False,False
Veo,6fed0940-a8c2-53ad-835f-963a77dfc328,scooter,39.978609,-83.014526,,23.77,True,False,False
Veo,f0953dbc-bd45-5d28-afc0-afc0cf8a94e2,bicycle,39.939734,-83.112188,,28.14,True,False,False
Veo,f08e8151-55dc-58ff-b565-174991956c20,scooter,39.958763,-82.999849,,24.33,True,False,False
Veo,fa89ba88-ee18-5dac-b7c4-af346d588939,bicycle,40.019206,-82.977283,,28.14,True,False,False
Veo,965c29ce-ea96-5038-8b68-f64124af6b54,bicycle,40.01367,-82.971396,,19.05,True,False,False
Veo,b1eb923e-78fb-5b51-b2b3-ec817b54e416,bicycle,40.002271,-83.005932,,28.14,True,False,False
Veo,d0cf1993-8112-5e84-878c-3363b8a9c43e,bicycle,39.980131,-82.994559,,16.39,True,False,False
Veo,44b60dbb-3f67-5753-aa88-2ea1501fec0c,bicycle,39.951571,-83.036752,,7.62,True,False,False
Veo,f2e1c5e3-2924-52ea-a63f-2dd58c76d876,bicycle,40.005794,-83.044092,,28.14,True,False,False
Veo,7940accb-e7bd-5993-ae3c-20bf62da0a96,bicycle,39.966362,-82.970189,,13.1,True,False,False
Veo,5a850415-6221-557b-b3bb-3cd70888b7ec,bicycle,40.000326,-82.992058,,28.14,True,False,False
Veo,516994da-3568-5e0a-869c-3c1637db44ee,bicycle,40.103819,-83.109493,,8.09,True,False,False
Veo,f8cc941c-1077-5073-b408-8073ca472c34,bicycle,40.01575,-82.960882,,28.14,True,False,False
Veo,2b1c58ce-7c7a-515d-ad40-b0d7b8f7b8ca,bicycle,40.084271,-82.967613,,19.78,False,True,False
Veo,09641e5c-7a7f-55db-9802-bd13be6ce1d4,bicycle,39.975451,-83.022993,,14.61,True,False,False
Veo,266b2046-092b-57e3-a04a-178075979a54,bicycle,40.032459,-83.017341,,20.05,True,False,False
Veo,810f1bc4-aaa8-527c-b77f-c09a6a493060,bicycle,40.004026,-83.012759,,23.02,True,False,False
Veo,ea8f4d0f-56d7-5b75-8226-c5c670f4964c,bicycle,39.95317,-83.067895,,28.14,True,False,False
Veo,dc5e053e-65f8-58ac-89a9-004521ca18c0,bicycle,39.985611,-83.05407,,14.61,True,False,False
Veo,c783edcc-99b0-5544-9153-ef8cdcfce29c,bicycle,40.022003,-83.001908,,25.74,True,False,False
Veo,6e1f78ea-fe2f-5c4a-8d4a-cff25fe76238,bicycle,39.998103,-83.009661,,24.06,True,False,False
Veo,da86ba46-7cb1-5774-a84f-52c39d81a2f9,bicycle,40.002778,-83.001207,,28.14,True,False,False
Veo,e951389e-61f3-518b-9f31-0b9b31f610d6,bicycle,40.020984,-82.992879,,5.03,True,False,False
Veo,555fb372-d0a0-5170-b643-42a7bc857150,bicycle,40.066001,-83.072749,,28.14,True,False,False
Veo,266b5d61-b8e3-5d19-9f6d-027bdf1e440b,bicycle,40.07466,-83.027812,,25.74,True,False,False
Veo,b38c582b-7bf8-521c-9185-9aa881cdf108,bicycle,40.004507,-83.007705,,28.14,True,False,False
Veo,398555e3-f9ef-57ec-b521-ac320c1360ee,bicycle,40.005112,-83.012683,,26.25,True,False,False
Veo,595512ec-35cf-53f6-9e4a-b3947a523d13,bicycle,40.101004,-83.108882,,22.39,True,False,False
Veo,f812fb90-83cb-587c-a81b-9e5e951eff4b,bicycle,40.031599,-83.016121,,20.37,True,False,False
Veo,d403a800-4420-554c-bbdd-a1cc1e207325,bicycle,39.984219,-83.002991,,12.07,True,False,False
Veo,77c92f06-4dc7-5538-9961-018073a7cd89,bicycle,39.930613,-82.997077,,14.43,True,False,False
Veo,8d5a61c3-67c6-5aff-8b23-549e9e64094c,bicycle,39.999787,-82.990883,,10.79,True,False,False
Veo,1a1a9be5-fd18-5175-a74e-d388e5a2225d,bicycle,39.946614,-83.058563,,25.34,True,False,False
Veo,9bada68e-d4c3-5be7-a0e5-c033522d3c88,bicycle,40.004742,-83.010503,,14.17,True,False,False
Veo,8bbe385c-bb44-5531-a584-1a4f7f07d59a,bicycle,39.947126,-83.044273,,16.39,True,False,False
Veo,2968523b-9e1e-56e7-8cf3-df399d2e97c3,bicycle,40.002766,-83.016502,,19.39,True,False,False
Veo,01605fc6-e8bb-5e5d-a1bc-a9679dbe8cd2,bicycle,39.999232,-83.016944,,23.02,True,False,False
Veo,ec3b5fd2-a5e9-50b1-99eb-754c895295bb,bicycle,39.974463,-83.02229,,14.61,True,False,False
Veo,ff33e912-f298-5ab5-bcc5-4196ecf09a74,bicycle,39.999416,-83.005881,,10.79,True,False,False
Veo,5ca3cefd-093b-5b46-abb6-c145d00e4e1f,bicycle,39.957539,-83.011049,,28.14,True,False,False
Veo,af9c848a-3075-593b-b6c5-677be24c3f76,bicycle,39.991447,-83.005778,,28.14,True,False,False
Veo,fbc0bfd3-a60b-571f-a4a4-ecc60fcd51d1,bicycle,39.958788,-82.999755,,28.14,True,False,False
Veo,926515f6-a94e-5221-9670-219f0c476dd2,scooter,39.98504,-82.92595,,21.77,True,False,False
Veo,ff4cdadf-c8a9-5b5a-ab8a-62aac61e6f31,scooter,39.963088,-83.004222,,17.37,True,False,False
Veo,794fc3c3-3a01-5daa-a62c-43723934c482,scooter,40.001551,-82.943887,,21.15,True,False,False
Veo,16eadb6c-22bb-5a85-bdb2-747853a89682,scooter,40.082661,-82.947351,,14.43,True,False,False
Veo,19f33498-69b4-5c77-816b-0695e7fc9073,scooter,39.947475,-83.075838,,23.02,True,False,False
Veo,8edd2dc9-eecc-5711-91f6-853a46f7b271,scooter,39.999714,-83.02232,,28.14,True,False,False
Veo,a10a8ec1-a847-5be1-8c44-9d903478d950,bicycle,39.96955,-82.935579,,24.33,True,False,False
Veo,7ac85d0e-eefb-58b0-8876-a8d2583b8853,scooter,39.996197,-83.010575,,24.06,True,False,False
Veo,11f4f9fa-7edd-5536-91e4-81d7ff0dc8cd,bicycle,39.945559,-83.069873,,14.43,True,False,False
Veo,b3bcc9e4-3b1d-5757-b057-c2675d7e8c60,bicycle,39.952497,-82.997873,,26.25,True,False,False
Veo,1bcaf839-bdfb-53fd-9ffc-7f7161595947,scooter,39.977752,-82.998711,,17.89,True,False,False
Veo,c677b9ed-e1ef-560c-9a55-0756bb33c7f0,scooter,40.016364,-83.021485,,21.77,True,False,False
Veo,2c335651-c695-574b-8595-6dbdb4f46836,scooter,39.956318,-83.010981,,26.25,True,False,False
Veo,e9cd8623-e434-5b9c-8976-95efd1afdf48,scooter,40.033694,-83.016486,,18.67,True,False,False
Veo,d8f8fcc7-a298-50eb-8104-8f7053f2edd5,bicycle,40.011355,-83.010365,,14.17,True,False,False
Veo,bd2ae15e-4a74-596b-a7b6-9a654d5c8615,scooter,40.033657,-83.016492,,12.28,True,False,False
Veo,76e92028-23dc-507d-b19c-160c602fe3f0,scooter,40.004032,-83.012815,,21.15,True,False,False
Veo,99775929-0a3c-56cd-b921-2c88a8025356,scooter,40.004087,-83.013986,,14.86,True,False,False
Veo,eebb7f03-9515-5638-bfb6-e094235a7f5c,scooter,40.003716,-83.012842,,25.34,True,False,False
Veo,f35dbd5e-6c22-559b-b030-165b3febd444,scooter,40.004226,-83.025777,,26.78,True,False,False
Veo,a4e57298-412f-5184-b043-01ea4e49a03c,scooter,39.939097,-82.967237,,17.37,True,False,False
Veo,48c05abe-05b6-5087-b233-2fa4bfad3d8c,scooter,39.958773,-82.999759,,28.14,True,False,False
Veo,3d2ddf03-2e3f-57a6-81a4-dd72a8f70b4c,scooter,40.102496,-83.109612,,26.78,True,False,False
Veo,553e5d3c-ec17-5e29-a6a2-edb4cb6f8e0e,scooter,40.000267,-83.017997,,28.01,True,False,False
Veo,277c0023-76b5-5405-8498-26f7ef760b0c,scooter,39.997071,-83.003187,,27.02,True,False,False
Veo,46e53dbb-9089-5daf-86e6-05e71d6a5e08,scooter,40.001839,-83.010427,,18.67,True,False,False
Veo,6e545532-2298-522b-8379-55aa62a0e655,bicycle,39.979325,-83.001959,,16.84,True,False,False
Veo,8745e470-985c-5a6a-b681-568c1e805b15,scooter,39.967458,-82.999558,,13.64,True,False,False
Veo,606d1804-9cd3-5352-b42f-a6f4a00bfe46,scooter,40.002815,-83.026249,,28.14,True,False,False
Veo,a9beed34-13a0-55fe-abe5-4a359251fdaa,scooter,39.96477,-83.002989,,28.14,False,True,False
Veo,dd94fa37-3ae4-5c24-9957-537077519da8,scooter,39.972109,-83.002975,,19.05,True,False,False
Veo,7c0fa6b9-70df-5d41-bf65-902857b36d68,scooter,40.003788,-83.013822,,15.89,True,False,False
Veo,3c07be7e-a9dc-50d2-8d1e-8caf85c506f6,scooter,39.986414,-83.029371,,28.14,True,False,False
Veo,7c35bc75-0587-588a-8717-810030bbc8d8,scooter,39.978877,-83.011306,,25.12,True,False,False
Veo,73502631-e159-5947-b6c9-f7cd2c99f91c,scooter,39.974498,-83.003428,,19.78,True,False,False
Veo,d1afeecf-e768-54eb-9176-29443167cf1f,scooter,39.978276,-83.001779,,25.94,True,False,False
Veo,bef0b15d-7739-535a-98e3-eb519e34f239,bicycle,39.935251,-82.922451,,13.1,True,False,False
Veo,14286293-345b-55bc-afd0-bc16a4615e97,scooter,39.962985,-82.981769,,20.78,True,False,False
Veo,4ec06e9c-3f01-5ebb-9906-6d333dcf688e,scooter,39.985681,-82.999766,,6.07,True,False,False
Veo,91b2aa4f-b080-5af6-8fbb-cbbd9acf1ff8,scooter,40.004855,-83.004634,,17.89,True,False,False
Veo,ed6074c0-cf57-5ced-a47a-e5c6491f8293,scooter,39.993572,-82.981068,,28.14,True,False,False
Veo,025f6604-d9a6-54e0-895b-5edc36919453,scooter,39.990456,-83.014564,,24.84,True,False,False
Veo,de7f805c-1afa-5475-954c-265155ef25fb,bicycle,39.938415,-82.996588,,28.14,True,False,False
Veo,f7614048-1553-5f74-8db0-308abb61a463,bicycle,40.001532,-83.003782,,15.89,True,False,False
Veo,7d32c50c-0d70-5d78-a8b0-f273b1787447,bicycle,39.979908,-83.017896,,28.14,True,False,False
Veo,7e98257e-8f62-5fce-9d51-fa56eecd3c59,bicycle,39.948463,-82.94722,,23.33,True,False,False
Veo,aea0619a-5160-5ffb-a95a-ca2cdafe839d,scooter,39.970252,-82.99936,,25.74,True,False,False
Veo,81428805-eb64-5f67-9178-b19333d80370,scooter,40.001987,-83.000444,,28.14,True,False,False
Veo,f73a160e-df01-5dec-b4b3-4b7513ea071f,bicycle,40.102071,-83.110697,,6.07,True,False,False
Veo,bb069329-752e-5579-8eb8-65829be45557,scooter,40.000369,-83.01799,,28.14,False,True,False
Veo,86b7dd80-3b75-5c7f-b9f3-04a19f0c22e6,scooter,40.105769,-83.104807,,12.28,True,False,False
Veo,bf0cc6ea-8f21-5c73-a134-7d548d5f5558,scooter,40.06701,-83.027732,,25.34,True,False,False
Veo,7791ae0c-2b8f-5332-97e0-f2942e4e8cff,scooter,40.000275,-83.018001,,28.14,True,False,False
Veo,adb8c78a-7a48-5ed9-8148-4f6f87cf51e9,bicycle,40.00247,-83.014054,,18.19,True,False,False
Veo,2412f83b-899d-51c2-8519-53eadf1e61e1,scooter,39.996627,-83.009573,,6.07,True,False,False
Veo,a1a19514-a9c3-51fd-8fb8-264f3c33109f,bicycle,39.946604,-83.058403,,28.14,True,False,False
Veo,aea39519-ec98-56d1-b1ef-74b871d19bee,bicycle,39.946448,-83.058485,,26.78,True,False,False
Veo,7b6068d3-01aa-5e36-9832-135e1ec65803,scooter,39.992867,-83.00681,,23.77,True,False,False
Veo,be7a3a3d-04ef-584d-a19f-aebf7a712105,scooter,39.992739,-83.0096,,24.33,True,False,False
Veo,9f419178-d5a4-5fe4-b504-e4d63d9f859a,bicycle,39.978748,-83.001865,,14.86,True,False,False
Veo,fb7ce1f5-2064-5c46-9c67-c9a720827f02,scooter,40.003559,-83.014718,,26.51,True,False,False
Veo,e2ece0c7-5f2c-59fd-b69d-a8026fa09b90,scooter,39.967209,-82.999945,,15.18,True,False,False
Veo,d0ce9e51-be59-58de-b4d7-3250efe20028,bicycle,39.970362,-83.107999,,7.62,True,False,False
Veo,762dc15f-1dad-5864-afc1-be15d27bae08,scooter,40.101006,-83.108792,,13.39,True,False,False
Veo,4050fe3c-9172-54cf-bb83-488e617b52b2,scooter,40.017358,-83.012818,,25.34,True,False,False
Veo,68fa43aa-5b23-55dc-b42b-8a7cc176dd9e,bicycle,40.004804,-83.023585,,8.09,True,False,False
Veo,0f19d36e-bfe4-56a3-91b7-a9a0be4954ae,scooter,39.985687,-82.999797,,6.67,True,False,False
Veo,6e23e512-9748-52b2-a33c-b95faae252d3,scooter,39.969157,-83.003633,,28.14,True,False,False
Veo,7b539971-136e-5c7c-985e-339f4435cc0f,bicycle,39.976084,-83.016549,,14.43,True,False,False
Veo,d4d3f19b-f665-5397-a03e-f934f31ec9e0,scooter,39.96534,-82.984505,,12.28,True,False,False
Veo,2a0c0b51-b562-5603-8600-fc95ba7fdec3,bicycle,39.983071,-83.006655,,13.1,True,False,False
Veo,62e92442-b6a3-5707-9dc6-f9f7c9db802d,scooter,39.996541,-82.997393,,15.45,True,False,False
Veo,ab96db9f-c31f-5688-9ccd-b8b82fbf52ca,scooter,39.938506,-82.968926,,11.11,True,False,False
Veo,55dcffb8-57ff-5d2c-9dc0-44b6ffeff089,bicycle,39.99737,-82.996767,,28.14,True,False,False
Veo,b34a40dc-6017-57ae-a709-84836c2e8c30,scooter,40.003313,-83.008364,,26.25,True,False,False
Veo,b871a407-c13c-53b0-be83-bc5b4a918831,scooter,40.052744,-83.046213,,28.14,True,False,False
Veo,aa81a21d-2fa3-53b3-812b-eaeff1410672,scooter,40.001786,-83.042209,,24.06,True,False,False
Veo,b378da43-ea88-5a65-bcc8-dfb5f5cf1614,bicycle,40.003526,-83.018834,,26.25,True,False,False
Veo,6f8848f8-7ba4-5169-a817-9724756d3165,scooter,40.003966,-83.012813,,13.39,True,False,False
Veo,01b32ddf-d5e2-543d-b581-d44ed5e5ec3f,scooter,40.002027,-83.016362,,11.83,True,False,False
Veo,4f938b67-f1ba-5edf-bf36-a733af5562c2,scooter,39.994677,-83.002416,,25.34,True,False,False
Veo,19be116a-ec18-5eef-ae46-3f6c28201efa,scooter,40.00232,-83.012951,,14.43,False,True,False
Veo,43a389a0-44ee-5cb6-86af-a3e380e3c769,scooter,39.956415,-83.009931,,15.18,True,False,False
Veo,7b276e90-40cf-5104-b1b2-0e0b1a2d3ebe,bicycle,39.960118,-83.012457,,22.7,True,False,False
Veo,856f8a0e-eb25-5151-8da3-d4cdfaf78388,bicycle,39.969049,-83.003736,,20.37,True,False,False
Veo,bf902ca8-1ff9-5a07-b172-a16a8fd7dfdb,scooter,39.965543,-82.972989,,19.39,True,False,False
Veo,388023c8-a4ae-53c2-96be-b435013d0bab,scooter,39.988567,-83.027925,,10.31,True,False,False
Veo,203ce42e-42a0-54e0-b09b-760458b99374,scooter,39.994277,-83.014274,,15.45,True,False,False
Veo,37158b06-70af-5bd1-8412-730462bef913,bicycle,39.98318,-83.016881,,23.02,True,False,False
Veo,f6b40ba8-69df-5a38-9faa-45d83ff1a94f,scooter,39.984674,-82.996697,,17.37,True,False,False
Veo,14b729f0-6e61-5095-9eba-2191a505379a,scooter,39.969146,-83.003678,,28.14,True,False,False
Veo,4043cf31-fa8c-5368-a1ea-2ee0029eb5bc,scooter,39.938927,-83.098442,,16.84,True,False,False
Veo,3420d572-3c8f-5e7e-a630-0d56c85f5dd0,scooter,39.991186,-83.006899,,15.89,True,False,False
Veo,2b72f3db-25ef-54fd-b6e7-722dd7585fae,scooter,39.957435,-83.011411,,18.67,True,False,False
Veo,e61f8420-c7ae-514a-bb35-2cd62200d52a,scooter,40.001781,-83.026101,,28.14,True,False,False
Veo,83820eb8-9c65-551c-bbc7-6b9cc01ecf30,scooter,39.979815,-82.998147,,21.15,True,False,False
Veo,62a840f8-c676-50af-896c-bb63ca69538b,scooter,39.993581,-82.981062,,25.94,True,False,False
Veo,3c91d5b6-9b79-5dab-9b7a-7f71b88b3509,scooter,39.946414,-83.058531,,25.74,True,False,False
Veo,13729224-5943-51b7-82bd-3e74bd970a8a,scooter,40.022503,-83.017318,,23.33,True,False,False
Veo,ffb3e32c-f891-5a63-9312-9bb194a18ae5,scooter,39.997305,-83.015374,,24.33,True,False,False
Veo,6daff465-bd4d-5966-955f-2c7c7280310b,scooter,40.001244,-83.013979,,26.78,True,False,False
Veo,bc1e7e1e-f4cf-5973-8763-08f62d4e17f0,scooter,39.973282,-82.970071,,15.89,True,False,False
Veo,9b20ea6f-c0dd-5bc3-b2be-feb43454ba6d,scooter,40.003957,-83.013259,,13.86,True,False,False
Veo,b95823db-f14e-5d01-ae2a-757f97507348,scooter,39.957435,-83.011375,,25.65,True,False,False
Veo,ef6893f7-5a2a-5364-8914-59192aaa7e79,scooter,39.995639,-83.012958,,22.7,True,False,False
Veo,af70c69e-3d74-5951-a3f7-54c37d7482f2,scooter,39.959832,-83.013154,,26.25,True,False,False
Veo,5f2e4fc9-caa4-58f3-b4db-1e2bbd9647a3,bicycle,39.970946,-83.008521,,6.07,True,False,False
Veo,268be2a9-f60d-59a3-82a3-ac2dc36279c2,scooter,39.949777,-82.994623,,12.63,True,False,False
Veo,637f6896-cb17-5a9a-b605-17ada6d390a3,scooter,40.015899,-83.030286,,10.79,True,False,False
Veo,d0a70244-84bf-5d5f-ad05-eed1ddaa0a17,scooter,40.006024,-83.004147,,14.86,True,False,False
Veo,cb809207-fc76-54b5-9976-ce79d9aeb58a,bicycle,39.980091,-83.004796,,28.14,True,False,False
Veo,87341672-5c62-557f-8abf-58fca0487760,scooter,39.995511,-83.002637,,10.31,True,False,False
Veo,c739cff3-1d4e-5907-bb4a-590c2ad900bb,scooter,40.001543,-83.015525,,24.84,True,False,False
Veo,af873754-1541-5e7c-a4e6-87058858425e,scooter,39.996254,-83.007136,,24.06,True,False,False
Veo,ea3c6110-93f0-5cfd-b981-aa169d547fb7,bicycle,40.004058,-83.012765,,18.67,True,False,False
Veo,715ac2ba-9f44-5e05-b3fa-01f8786cc80f,scooter,39.986452,-82.986829,,26.25,True,False,False
Veo,3d77db1f-0521-57cc-865d-3ffff7c68eda,scooter,39.999434,-83.009566,,15.89,True,False,False
Veo,f9ed1b55-4919-51d8-a5c5-8497d02982ba,scooter,40.006454,-83.016518,,24.06,True,False,False
Veo,83c3b10d-9273-5546-bb2b-97812f270186,bicycle,39.949477,-83.022136,,27.77,True,False,False
Veo,1324339b-1fd9-5179-9632-af15efc1f36a,scooter,39.949821,-82.998332,,28.14,True,False,False
Veo,95cb86ce-2efa-52da-b2d8-5d63f1930e1c,bicycle,39.998925,-83.038968,,28.14,True,False,False
Veo,35b770a9-ff4e-568a-a975-7a765b0259a5,scooter,39.944631,-82.989626,,28.14,True,False,False
Veo,e6c7fa1f-85e5-5b5a-acfd-167cb9cacb4f,bicycle,40.033272,-83.001233,,9.02,True,False,False
Veo,f4ff0ff4-ed6c-592e-bba9-bb71436b2aec,scooter,40.004742,-83.013371,,24.06,True,False,False
Veo,072ab87d-c137-5bf0-b412-ebfec3ee6e89,scooter,39.997041,-83.003201,,13.86,True,False,False
Veo,1d4995c4-8d7b-5614-9b44-0c0e1f39b565,scooter,40.009764,-83.010981,,12.63,True,False,False
Veo,fa04ff8e-55d8-58b2-adac-3d368a2b91cf,scooter,40.005491,-83.015534,,28.14,True,False,False
Veo,c0ddd969-6fb6-52f1-8ac8-8258fe28baa6,scooter,40.016271,-83.030413,,14.86,True,False,False
Veo,64562998-f260-56ae-acd8-f74545b45b31,scooter,39.998629,-83.011912,,28.14,True,False,False
Veo,4f0a3b19-7f8e-5109-a93e-8e19fcce7519,scooter,40.0559,-83.047642,,14.43,True,False,False
Veo,9bed9dc5-da53-5b88-9e6f-658b3c7b9843,scooter,39.967645,-83.013419,,28.14,True,False,False
Veo,ba17305a-6812-54e3-b373-d8c6abc5f5d9,bicycle,40.052352,-83.041743,,16.39,True,False,False
Veo,c665c9ef-adee-50ec-a5e2-4041b44cfd01,bicycle,40.010674,-83.003961,,24.33,True,False,False
Veo,c2456b1c-23c4-5fbf-ac85-13f8abb177f4,bicycle,40.006119,-83.011472,,14.43,True,False,False
Veo,a59ed548-7cf5-5a00-897f-7a38b61de2e9,bicycle,39.935947,-82.988852,,27.44,True,False,False
Veo,f5701972-2792-5c58-bf66-7025d7f7f7c6,bicycle,39.993353,-83.014731,,25.65,True,False,False
Veo,9d0c3aa7-920b-561f-b158-fc5324e256b9,bicycle,39.989732,-83.005303,,5.27,True,False,False
Veo,a1b65b25-00e1-59b3-a221-774af65db9a3,bicycle,39.95504,-83.018843,,9.65,True,False,False
Veo,fbe5d511-f243-5eb6-adaf-55e57e556a8f,bicycle,39.90626,-83.076771,,11.11,True,False,False
Veo,b06eff51-5c12-5abf-aec7-143d4c07e263,bicycle,40.003243,-83.011818,,21.15,True,False,False
Veo,7a0b866d-1c38-5fde-804e-0342654ccf08,bicycle,39.925819,-83.015712,,16.39,True,False,False
Veo,4111f57a-e73d-5e77-8fa9-713a0ede75fc,bicycle,39.97082,-82.887079,,28.14,True,False,False
Veo,79bfb7e1-8348-5ff4-be56-654c126a3eb4,bicycle,39.972544,-82.970817,,26.78,True,False,False
Veo,69fb9ee3-d7e8-5f04-9715-258604322560,bicycle,40.088261,-83.105014,,10.79,True,False,False
Veo,a4ab63c5-3113-565a-b9fe-b4cb475ca6a9,bicycle,39.96438,-82.998485,,20.37,True,False,False
Veo,088727e4-2be5-538e-a95e-c83ac2731742,bicycle,39.974804,-83.07096,,25.34,True,False,False
Veo,5d097500-54c9-5d42-bd4f-bb7365d4fadb,scooter,39.995317,-83.010617,,5.83,True,False,False
Veo,0c580fe7-b0a1-5927-8fa5-fee2945e5709,bicycle,40.047441,-82.94429,,27.44,True,False,False
Veo,7e52701b-a88f-594e-aad6-0de038f65edc,bicycle,39.999929,-83.021404,,10.51,True,False,False
Veo,643bc0ee-7221-52d1-984b-f9527b61a259,bicycle,40.023126,-83.017392,,13.64,True,False,False
Veo,5a4a5c28-7e0c-50da-98aa-f871780551ff,bicycle,39.957529,-82.949255,,28.14,True,False,False
Veo,3cde9b3c-413b-5e0e-be0b-c7500d4274f7,bicycle,39.95715,-83.008913,,22.7,True,False,False
Veo,aa6cb0fb-3417-5489-93a2-5046e23dbacd,bicycle,40.031073,-82.994261,,28.14,True,False,False
Veo,fb8465c6-8a0a-59c9-b496-4cae6b3c770a,bicycle,40.006521,-82.975752,,28.14,True,False,False
Veo,b1926895-0178-5e76-b126-b26f3e991488,bicycle,39.944923,-82.949367,,28.14,True,False,False
Veo,fd1eea26-4366-5ab6-b8d5-1285650b0a89,bicycle,40.006435,-83.008439,,15.18,True,False,False
Veo,653c0729-bfdc-50cb-a8e8-8bc14d23f05f,bicycle,39.987637,-82.984236,,28.14,True,False,False
Veo,de6a3de1-756a-520f-9364-3d9986de53ad,bicycle,39.945908,-83.059985,,27.02,True,False,False
Veo,4d91bc58-ee89-5289-937f-8715f7c4f20f,bicycle,40.007059,-83.019639,,24.33,True,False,False
Veo,5c1b33e7-8fbf-5b3d-9152-2366be4beabf,bicycle,40.007109,-83.003603,,17.89,True,False,False
Veo,566cabc1-41b4-593c-88ef-e100a1c0d4bf,bicycle,39.969822,-82.969273,,19.05,True,False,False
Veo,82590d48-ba6e-5d82-90b8-4b2ba4b57fdf,bicycle,39.956011,-82.945354,,16.39,True,False,False
Veo,3a1eaab6-0dc6-517f-80c1-775566890c92,bicycle,39.946051,-83.044192,,9.65,True,False,False
Veo,074a3796-0453-58dc-ab64-382c70ba673b,bicycle,40.011464,-82.975773,,12.07,True,False,False
Veo,c7baf791-0574-5713-a108-b0fcb3eb6ad6,bicycle,40.037083,-82.967919,,25.12,True,False,False
Veo,9fd885af-1c8a-5029-8206-a05d41f1b90b,bicycle,39.986251,-83.025849,,11.11,True,False,False
Veo,5acd0353-af54-5a06-9ce3-02cef6ef84c5,bicycle,39.942636,-82.978267,,26.78,True,False,False
Veo,1c8ec02a-cb0c-554e-b61e-eafe563c9092,bicycle,39.998486,-82.999836,,24.33,True,False,False
Veo,e095852f-f2b3-5597-8076-49e4c233cd66,bicycle,39.977392,-82.974478,,23.02,False,False,True
Veo,18d39c32-08ba-5db3-ab81-c8b7c4eaf56a,bicycle,40.101064,-83.10879,,28.01,True,False,False
Veo,4706794f-a582-5f88-b792-5d37e43b81df,bicycle,39.956185,-82.951872,,16.84,True,False,False
Veo,8e398eda-2637-5d2f-9125-e65220eef0db,bicycle,39.945747,-83.056883,,25.94,True,False,False
Veo,729d46a6-fa8a-5d65-a5e7-aaa657011809,bicycle,40.064329,-82.967195,,10.51,True,False,False
Veo,82ad9b13-a674-509a-ae9d-df4f51c72887,bicycle,40.016866,-82.956289,,16.84,True,False,False
Veo,a03d6b74-f44c-52a7-a8c7-60fd012e29bc,bicycle,39.943661,-83.045656,,27.44,True,False,False
Veo,ed1ade3e-f919-5a7e-a21c-265cd40171d1,bicycle,40.001635,-82.953635,,19.39,True,False,False
Veo,21a060c9-9753-5d0e-a0f8-0c6e3b89e3f3,bicycle,39.896445,-82.983602,,28.14,True,False,False
Veo,4e105164-6a3c-5ffc-ab32-64533fe7aa65,bicycle,39.935929,-82.988843,,28.14,True,False,False
Veo,89fbe06f-4d46-58f5-aedf-531115945276,bicycle,39.964172,-82.980358,,19.39,True,False,False
Veo,e5457d2f-2d3a-55fd-8e3d-16e5c5e79105,bicycle,39.935081,-83.065759,,27.18,True,False,False
Veo,dc21b537-f49e-5221-a28a-8fc899965c0d,bicycle,39.99262,-83.009719,,13.64,True,False,False
Veo,a077823c-37b2-5e58-b00d-dedcdb4bbf7a,bicycle,39.99916,-83.007939,,9.97,True,False,False
Veo,d598e67d-34b0-5c2c-89aa-69c90b2bfd40,bicycle,40.003813,-82.973355,,28.14,True,False,False
Veo,450085d0-07c7-501f-905a-41e02ad252f1,bicycle,40.010338,-82.968795,,28.14,True,False,False
Veo,2b771238-a417-52a6-a3c9-d0adb71c02f4,bicycle,40.10099,-83.108789,,22.39,True,False,False
Veo,6d2b9fb5-d2ef-5925-b857-e07210f6f170,bicycle,40.012027,-82.968563,,14.61,True,False,False
Veo,f38254de-fa4e-519f-b355-50c944437591,bicycle,40.004081,-83.006683,,14.61,True,False,False
Veo,62417292-eee4-5021-afc7-bac012918ecd,bicycle,39.949521,-82.995359,,6.67,True,False,False
Veo,1f3b147e-932b-5e03-90fd-d5714f00a5cb,bicycle,39.969085,-83.013499,,12.52,True,False,False
Veo,78e191a4-371d-5b8c-aef6-1fd41a8afa21,bicycle,40.09153,-82.964041,,10.79,True,False,False
Veo,b218e59b-69a7-5e10-8087-3c1cd936f69a,bicycle,39.928471,-82.971584,,18.67,True,False,False
Veo,fb6d1273-8398-5b67-8e40-a25af01bcd40,bicycle,40.008485,-83.026988,,27.18,True,False,False
Veo,c1a0bec6-e7e4-5afe-aa90-c45f654a4e07,bicycle,39.998375,-82.978086,,10.79,True,False,False
Veo,c94575e3-b1ab-52d3-ae1d-e16b1bab5ff5,bicycle,39.994132,-83.031779,,15.89,True,False,False
Veo,12467835-2e79-54eb-8954-2782b1ebb645,bicycle,39.929122,-83.052281,,12.63,True,False,False
Veo,03dd0d2c-255d-59e2-8d15-16245ad00a94,bicycle,39.949483,-82.996356,,28.14,True,False,False
Veo,668b11d1-f2c1-557e-a209-495d6e25b1cc,bicycle,39.944524,-83.016395,,28.14,True,False,False
Veo,941f4b98-1260-5be2-9408-449901569ab4,bicycle,40.001719,-83.014989,,27.18,True,False,False
Veo,7b072621-5cda-5f48-ab96-d86d0185b9e6,bicycle,40.028362,-83.025886,,28.14,True,False,False
Veo,74b19e67-49ba-570d-85ee-a2100ddb34aa,bicycle,40.004417,-83.01768,,25.12,True,False,False
Veo,1899bf36-3f4b-5599-a845-700f6b26d14f,bicycle,39.990006,-83.015108,,28.14,True,False,False
Veo,575c7ad3-5086-53fd-bada-7c2ffe28316f,bicycle,39.929105,-82.966435,,25.94,True,False,False
Veo,236ca01a-deea-53d2-ac81-689cf9343b23,bicycle,40.052936,-83.04267,,24.33,True,False,False
Veo,d9ab4a76-bbf6-5abe-ba53-3f3a04152170,bicycle,39.998033,-83.01011,,10.51,True,False,False
Veo,990d7708-0503-506c-bf06-63b879d4b278,scooter,39.993425,-83.00465,,13.86,True,False,False
Veo,4a28bd19-ab75-5dbc-8dfa-0e32e520f6ec,bicycle,39.960742,-83.012577,,28.14,True,False,False
Veo,9e3dfffd-9af1-536d-abfe-100dc17a34cd,bicycle,39.982561,-82.986691,,27.44,True,False,False
Veo,0f397876-eef9-5da1-8ab9-d43454d7fcf9,bicycle,39.965327,-83.068091,,28.14,True,False,False
Veo,363db700-4222-5aa3-83f8-28bffce6a9b0,bicycle,39.986267,-83.046044,,13.86,True,False,False
Veo,d241f55b-66d4-5f89-9ab5-4c16015746d9,bicycle,39.99928,-83.019128,,28.14,True,False,False
Veo,a2544fd9-7b62-5726-a83b-ca0677e831b3,bicycle,39.946488,-83.057654,,28.14,True,False,False
Veo,99ad59e7-1cee-5d5f-8e89-7f3ecd8243f1,bicycle,39.943598,-83.038164,,25.94,True,False,False
Veo,890d1cd2-e8fe-55ac-b26b-349168d53fbf,bicycle,40.007551,-82.940955,,13.86,True,False,False
Veo,b1f4f2c3-590d-5227-8ac4-746f6dacb5c3,bicycle,39.878761,-82.999163,,23.02,True,False,False
Veo,bc3e592d-70db-5696-a7c3-9e4bcebe10c2,bicycle,39.95597430937981,-82.90994889784977,,13.86,False,True,True
Veo,9020956b-76d6-593c-848d-af87ca64d14c,bicycle,40.006427,-83.00846,,28.14,True,False,False
Veo,67b401cc-5816-56e1-9f1e-0153576bd915,bicycle,39.972736,-82.968061,,14.86,True,False,False
Veo,e9c6a8ef-7704-57af-918a-db883221438a,bicycle,39.955988,-83.003174,,28.14,True,False,False
Veo,aa916f90-7d59-58c8-a8b1-08f78d31e482,bicycle,40.003971,-82.973219,,14.61,True,False,False
Veo,a973c8e5-993a-5ea3-a03c-78006acbf7cc,bicycle,40.020096,-82.971932,,13.39,True,False,False
Veo,f0d96485-47ea-5699-98ce-c53ea093d02d,bicycle,39.995712,-83.018166,,25.74,True,False,False
Veo,5d062129-d3a7-57f6-84c5-92fcb1d0dd86,bicycle,39.977525,-83.002911,,21.49,True,False,False
Veo,dd33467b-273e-591b-a1e5-69db4b488757,bicycle,39.991795,-83.012133,,25.94,True,False,False
Veo,79d8e256-ce7e-5067-9ed3-12269ef27f3f,bicycle,40.005522,-83.017018,,25.65,True,False,False
Veo,45d5aae0-cdbe-5b48-9688-60ed0cafaa6b,bicycle,39.935938,-82.988848,,28.14,True,False,False
Veo,dc693abe-9d94-5294-a48d-bb9395e31df4,bicycle,40.001856,-83.016505,,28.14,True,False,False
Veo,b773d836-af50-52e4-b675-966bb5cb46d7,bicycle,39.982423,-83.085529,,25.65,True,False,False
Veo,a0a8d96d-549a-5c48-b4cc-80272f06f1fc,bicycle,40.002389,-83.015706,,23.77,True,False,False
Veo,c6384e47-2356-5c09-9c4c-42bf08377bef,bicycle,39.994065,-83.031746,,15.18,False,True,False
Veo,b5c58764-0853-5053-bf5b-27e1287f2914,bicycle,39.949517,-82.995389,,16.39,True,False,False
Veo,c736c1f3-79d8-5812-a8b7-f52883250657,bicycle,40.001117,-83.008403,,21.77,True,False,False
Veo,41959f2a-d923-5d3a-9b4b-c44e7591009c,bicycle,40.006544,-82.973062,,22.7,True,False,False
Veo,db916abd-7e5f-5d28-9808-baad56c6fea5,bicycle,39.991694,-83.003091,,26.78,True,False,False
Veo,b89d5a65-5d85-5929-b392-658ed8d3e070,bicycle,40.090095,-83.086899,,18.19,True,False,False
Veo,9b7c5f65-66ec-519c-b69d-6dbdf7ef6342,bicycle,39.946769,-83.045136,,19.78,True,False,False
Veo,5e9c5709-7ab1-5ef7-9c3c-a17bdaa2dc04,bicycle,39.985079,-83.041542,,13.64,True,False,False
Veo,32f3e4e2-b2a9-5987-bb42-125e7b73258e,bicycle,39.959871,-82.965795,,11.11,True,False,False
Veo,240854da-7e93-5e57-816d-36468d789712,bicycle,40.101029,-83.108872,,7.62,True,False,False
Veo,1389c487-3c5f-571a-9330-d120c9e6e09f,bicycle,39.949021,-83.061013,,15.45,True,False,False
Veo,45d44d9d-1605-5d33-b6b1-4c4183a66e2b,bicycle,40.003251,-83.008549,,28.14,True,False,False
Veo,1ff3b80a-13b9-5591-ae6d-ef462bd5ae1d,bicycle,40.01329,-82.95866,,28.14,True,False,False
Veo,f75b0ce5-b88b-59b2-b2c2-23665ff6b0f6,bicycle,40.107196,-82.972208,,28.14,True,False,False
Veo,fe80b84a-1279-5536-9368-86d88f162bea,bicycle,39.928295,-82.977303,,28.14,True,False,False
Veo,a441a1d2-06b3-5df6-8e3a-7601306dcfef,bicycle,40.000448,-83.021386,,13.1,True,False,False
Veo,b28a0695-3871-5035-b4d3-fa47fdc8450f,bicycle,39.954414,-82.980814,,15.18,True,False,False
Veo,6df98d14-1ef5-5455-b43c-0e5079f613de,bicycle,40.022776,-83.02862,,19.05,True,False,False
Veo,01c337ad-5007-5d49-a907-4509e69dcfc7,bicycle,39.998248,-83.010354,,26.78,True,False,False
Veo,da676193-b82f-5a17-8f2d-dc2de938acfc,bicycle,39.958087,-83.012701,,13.39,True,False,False
Veo,c084fdaa-0292-539c-8ccc-c1045b663934,bicycle,39.999108,-83.019034,,28.14,True,False,False
Veo,b2f047a9-f11e-566b-bde5-b383fe4938a5,bicycle,40.03488,-83.000204,,14.43,True,False,False
Veo,cfda5399-1770-5a9b-8d98-a3c97e829578,bicycle,40.022364,-83.013313,,28.14,True,False,False
Veo,4badda8c-8800-5074-9c4b-7a79aa3695b4,bicycle,39.926356,-83.115855,,22.7,True,False,False
Veo,f697cac2-f458-5bc4-955f-8c1377c2c238,bicycle,40.005668,-83.035899,,28.14,True,False,False
Veo,c9631678-9b4a-5c22-bee2-fd22cdbc580e,bicycle,39.958891,-83.00128,,28.14,True,False,False
Veo,c6a41c72-45db-562f-b0ec-cc25a2f12935,bicycle,39.993681,-82.982918,,21.49,True,False,False
Veo,cc37ec87-18d8-5f6e-bc03-62ca78e04076,bicycle,39.983593,-83.008342,,28.14,True,False,False
Veo,9aa00ddc-ac96-5ad0-ab14-1ede8e569738,bicycle,39.95607,-82.94525333333334,,0.33,True,False,False
Veo,20fe5587-c3d4-5638-94b9-3d95c1aca272,bicycle,40.00146,-83.003952,,21.77,True,False,False
Veo,6b93d4d4-37c2-51af-9aee-c52bb606d724,bicycle,39.959114,-83.002072,,6.31,True,False,False
Veo,e19afd91-4479-523b-8608-80f1840ff06c,bicycle,40.003661,-83.009833,,6.07,True,False,False
Veo,c1846db8-4264-573c-bb53-14273a9e6835,bicycle,39.960605,-83.022585,,28.14,True,False,False
Veo,a5380130-4b6e-5f2b-a8b7-4f3817c590ed,bicycle,39.92932,-83.067686,,24.33,True,False,False
Veo,5050eb54-dfc7-5951-bb89-2c3a23b2c1c2,bicycle,40.100785,-83.115379,,27.44,True,False,False
Veo,30fe2493-b622-525a-bd6f-9ecc57240eb3,bicycle,40.006497,-82.975797,,15.89,True,False,False
Veo,ccccdb57-80f5-5f0a-80ef-616f7873503d,bicycle,40.00096,-83.021987,,28.14,True,False,False
Veo,1d4fc216-c8f9-5b29-b4bf-ce126e6d3ace,bicycle,40.015316,-82.982531,,28.14,True,False,False
Veo,81d3d901-26be-5826-930d-bdb04c77738d,bicycle,39.965192,-82.975994,,13.64,True,False,False
Veo,084bf47e-fd3d-5f1a-8f82-31e1e10a9055,bicycle,39.999928,-83.003834,,15.45,True,False,False
Veo,725ce4ed-931e-5798-8d71-c967b9f5c8cf,bicycle,39.982396,-82.998807,,28.14,True,False,False
Veo,357ecd3e-c743-58d2-9c02-5d44f0b3327d,bicycle,40.004564,-83.013992,,13.64,True,False,False
Veo,354eb982-02b5-578f-a4c6-708ed3206e84,bicycle,39.992363,-83.045202,,28.14,True,False,False
Veo,fc86403b-16b4-5dff-b946-e38c24dd8df0,bicycle,40.074087,-82.919618,,14.86,True,False,False
Veo,e2aa48e9-d747-5851-9af8-d0cf962842ed,bicycle,40.003154,-83.013543,,25.94,True,False,False
Veo,33698fde-a94e-54c8-8494-47aab258eb48,bicycle,39.950364,-82.940622,,26.51,True,False,False
Veo,395668cc-daa3-58b8-9676-a18ad0c40065,bicycle,39.923192,-82.95628,,27.77,False,True,False
Veo,2406ed82-7106-5714-ad95-dce153ff93d2,bicycle,39.989021,-83.004277,,22.7,True,False,False
Veo,fc3a26f7-693f-5e2b-b4fb-936dc3db75bd,bicycle,40.010447,-82.997396,,15.89,True,False,False
Veo,07755ae0-682d-548b-aa29-d8ad649cc304,bicycle,39.948942,-83.044089,,27.44,True,False,False
Veo,be9b88c2-bc41-50c7-af87-24624e85a180,bicycle,39.951934,-83.035725,,17.37,True,False,False
Veo,ecd6bada-4f5d-5cc1-8adb-525b391332fe,bicycle,39.968766,-82.954714,,28.14,True,False,False
Veo,d1d81f77-c9ab-5c89-ae5c-fe01281b897c,bicycle,40.00679,-83.014635,,28.14,True,False,False
Veo,8c70dbb3-b5b3-5023-b649-1b08150f30ac,bicycle,40.00505,-83.048003,,28.14,True,False,False
Veo,9c3ef08c-455b-5479-8adf-64d689284776,bicycle,39.955816,-82.955475,,13.64,True,False,False
Veo,0ade47a1-83a4-54ea-85e7-b9be32c46adc,bicycle,40.001017,-83.002682,,27.02,True,False,False
Veo,d6469aff-2659-51a8-a462-7ac53dad7190,bicycle,39.992274,-83.032611,,8.43,True,False,False
Veo,2366e9ce-4d82-5b0b-bf7f-5027782d6132,bicycle,39.950189,-82.95934,,19.05,True,False,False
Veo,0e16e30d-84fb-5258-997c-358430d5f88c,bicycle,39.973499,-83.019611,,28.14,True,False,False
Veo,840f4512-21f4-5799-9b62-39ec61edbae0,bicycle,40.007653,-83.01182,,27.77,True,False,False
Veo,fd048dc8-f740-5a5a-9f17-c8cabe421090,bicycle,39.989141,-82.975512,,12.87,True,False,False
Veo,558d849c-8e21-5661-823c-50575d673c16,bicycle,40.004035,-83.012812,,28.14,True,False,False
Veo,c368c9f5-7a61-5881-92c8-5cb1f6c289b0,bicycle,40.001473,-83.003893,,17.89,True,False,False
Veo,83d21929-2758-5182-97d1-47cf909e8b15,bicycle,39.978871,-83.011291,,6.67,True,False,False
Veo,1ae11630-dedf-5db5-88af-2fb470c3d125,bicycle,39.928904,-82.939004,,15.45,True,False,False
Veo,72f5ced3-866c-5400-9922-2297e401b2d9,bicycle,40.010698,-83.003978,,27.77,True,False,False
Veo,661291a7-6380-593e-b9df-288f7b5fac56,bicycle,40.072766,-82.983634,,12.52,True,False,False
Veo,696e5844-d936-5815-8bc0-2c6e3f04d2c5,bicycle,39.917949,-82.975723,,27.77,True,False,False
Veo,30d8ce7f-566f-5b09-828a-5f6abbce6d89,bicycle,40.015231,-82.970572,,22.39,True,False,False
Veo,1c14b243-d171-5824-8e9f-5a26a4f1a396,bicycle,39.960266,-83.041648,,11.11,True,False,False
Veo,636517f7-3812-5464-a0e4-78309cd27c5c,bicycle,39.937247,-83.120777,,22.39,True,False,False
Veo,66cd5d07-70af-5263-88ec-4059b0dd353b,bicycle,40.001865,-83.025661,,5.03,True,False,False
Veo,437eeafb-d809-5bda-af90-882c123b5ff6,bicycle,39.998616,-83.013825,,10.51,True,False,False
Veo,a236e68a-6391-540c-96a4-85391a735bbb,bicycle,39.95906,-83.001945,,23.02,True,False,False
Veo,ec0e16da-23c2-5703-8beb-f6854e1bf516,bicycle,39.977225,-82.993991,,6.07,True,False,False
Veo,1bb299ea-7447-5252-9434-2c17ecded5a7,bicycle,40.007581,-83.002653,,14.43,True,False,False
Veo,2b98ceed-7522-56b6-8f34-b4edab17df8e,bicycle,39.94826,-82.997837,,12.52,True,False,False
Veo,3109e54b-d896-5d10-9175-aeb20289776a,bicycle,39.955402,-83.103935,,28.14,True,False,False
Veo,8611fdc8-a2fb-59fd-aa58-bb462198fe34,bicycle,39.956406,-82.94502,,28.14,True,False,False
Veo,3f9bc690-7daf-5c49-87a8-167209575bf3,bicycle,39.954684,-82.907174,,26.51,True,False,False
Veo,ac18b2ea-5578-5d1a-b781-e3c2f74c4a95,bicycle,40.01223,-83.000309,,22.05,True,False,False
Veo,47caedb3-a456-5f0e-8cba-a5954220ddea,bicycle,39.946975,-83.054723,,24.06,True,False,False
Veo,a64779b6-f4ad-573f-ae80-bb2d9038b52a,bicycle,40.033158,-83.034408,,19.39,True,False,False
Veo,b0d1fa5b-0993-510b-93f4-aef20b4496bd,bicycle,39.995765,-82.940956,,24.33,True,False,False
Veo,0e99eb85-1492-5623-9e40-d9e2a5038217,bicycle,40.004744,-83.013296,,19.39,True,False,False
Veo,50dfba76-c76f-5b5b-aa03-223e6c269f5b,bicycle,39.999904,-83.021333,,12.87,True,False,False
Veo,a40cc3a5-c8b2-5b1a-99d4-a7bee4e5db87,bicycle,39.938613,-83.053382,,27.44,True,False,False
Veo,27cea9d7-80dc-55a5-a687-9fff3936dc44,bicycle,40.056261,-82.955033,,25.12,True,False,False
Veo,0143f7f7-c498-5b84-abb6-40bc7a94c638,bicycle,39.944581,-82.989621,,28.01,True,False,False
Veo,bdcbe331-4f8e-5676-bbea-00f4544a29cf,bicycle,39.964767,-82.964305,,28.14,True,False,False
Veo,d9c358b6-62b2-5bf4-953d-7c9a76bbf936,bicycle,39.949913,-83.011813,,15.18,True,False,False
Veo,ae5f8a62-5eaa-5534-aae1-08833b31d9a3,bicycle,40.053959,-83.060084,,15.45,True,False,False
Veo,d56c1f0d-a9f7-583d-a43e-810877c3d3a3,bicycle,40.01073,-83.004024,,22.7,True,False,False
Veo,238fe39d-4e99-5c86-862c-7c199b312319,bicycle,39.997045,-82.978744,,25.12,True,False,False
Veo,27942440-2a4c-522d-b7e1-e895d79c9e53,bicycle,40.022345,-83.014944,,13.39,True,False,False
Veo,0fd1bab2-57f0-53cb-83e4-ee7337790e41,bicycle,40.003434,-83.01745,,12.52,True,False,False
Veo,6d462040-e605-5569-af45-b7bf06a79de6,bicycle,40.038528,-82.983443,,25.74,True,False,False
Veo,e722b03c-c30c-549f-a5df-707c203f13fc,bicycle,39.996227,-82.999688,,24.84,True,False,False
Veo,254cdc2e-b2ad-54c7-8488-b456eee5c666,bicycle,39.925218,-82.940744,,28.14,True,False,False
Veo,8b361d34-f99c-5c31-b71e-b5658006cce3,bicycle,39.990304,-83.007881,,19.05,True,False,False
Veo,199439b2-1ff6-5941-83eb-fa5820b95765,bicycle,39.993001,-83.043067,,16.39,True,False,False
Veo,3dfa934b-bc87-5211-96ff-85c11ca100bb,bicycle,39.99216,-83.006363,,28.14,True,False,False
Veo,a781f932-fa0a-5c7f-abc2-b3c37ebb6f0c,bicycle,39.95607,-82.94525333333334,,0.0,True,False,False
Veo,1eb4edff-76aa-505a-8655-fc533629bbdd,bicycle,40.001546,-83.003795,,15.18,True,False,False
Veo,22006105-dd43-5771-b031-b0095951c692,bicycle,39.959936,-82.965817,,26.25,True,False,False
Veo,56601bda-b3b8-50f9-8ea7-30e074e8a27c,bicycle,39.994063,-82.981505,,27.44,True,False,False
Veo,b4cd22c5-773e-5cf0-8a5a-e6b723bd0fbf,bicycle,39.952851,-83.003798,,24.33,True,False,False
Veo,ff4467a5-3ae1-5e36-b43d-ca9c1d3d8de4,bicycle,39.994087,-83.021468,,15.89,True,False,False
Veo,e6464434-e35f-5855-85bc-48755529e34b,bicycle,40.006962,-83.046821,,12.52,True,False,False
Veo,a9d7e185-0eb9-5575-ac38-039043cc71e9,bicycle,39.99381,-82.975332,,9.97,True,False,False
Veo,95c3ff65-7ba9-58c5-bc35-0dc9ef3616be,bicycle,39.937485,-82.975481,,28.14,True,False,False
Veo,9bbb3dd1-a7e9-55cf-a854-b8b63d7472a5,bicycle,39.996315,-83.017562,,20.05,True,False,False
Veo,3246a800-09cf-5c07-a2af-19a5cd77d47f,bicycle,39.942775,-82.983565,,14.61,True,False,False
Veo,1081c488-85ac-5202-9e0a-0d3da560df06,bicycle,39.971757,-83.006198,,22.39,True,False,False
Veo,3981635e-eb8c-5063-939b-ab918bc16e7c,bicycle,39.948275,-82.970274,,12.52,True,False,False
Veo,c62d041c-d73a-5a60-8b8a-6510086e85fd,bicycle,40.00113,-83.008423,,14.61,True,False,False
Veo,87a45675-d460-5672-97c7-21bdd0def2d4,bicycle,40.029203,-82.930281,,6.07,True,False,False
Veo,67405536-ada3-5f2d-b7f6-0bd1a0d77848,bicycle,40.015658,-83.00711,,8.43,True,False,False
Veo,cc11f600-574d-5e6b-a8cb-2b1b913fef98,bicycle,39.950225,-83.000979,,19.39,True,False,False
Veo,bfee1776-a017-5ae2-ac4d-d318406b08ad,bicycle,40.011966,-83.003626,,15.45,True,False,False
Veo,02e501e7-d75b-593f-9fcd-c709cfd67afc,bicycle,40.039116,-82.933345,,12.28,True,False,False
Veo,e6ed3cd3-6c85-589a-871c-076ddb7fb393,bicycle,39.98261,-82.99875,,23.77,True,False,False
Veo,364aafa3-9fca-5eca-bd7e-285182261e17,bicycle,39.990942,-83.008392,,28.14,True,False,False
Veo,2cbaced9-f0bc-552f-b903-2e0a77c670ac,bicycle,39.959083,-83.001995,,13.86,True,False,False
Veo,3fccf1d1-49b4-538a-abe4-c982debf06e0,bicycle,40.004,-83.012818,,28.14,True,False,False
Veo,85947c74-2edb-5df2-a1c7-666a15865560,bicycle,39.947372,-82.933424,,28.14,True,False,False
Veo,dd23fa7e-26aa-587f-8efd-d45828a29666,bicycle,40.004984,-83.008591,,12.63,True,False,False
Veo,4f9638d2-022c-5047-9120-d58c27ea636f,bicycle,39.99555917024852,-83.00197760100477,,28.14,False,False,True
Veo,2f4ccd0c-1641-52f0-899b-78fe23405682,bicycle,39.991899,-83.006695,,24.84,True,False,False
Veo,63545e4d-e252-55c4-b3c2-51b4e831a387,bicycle,39.998234,-83.009568,,25.74,True,False,False
Veo,b97aab2f-7291-5869-8283-6f2d3b09a514,bicycle,39.99788,-82.998652,,8.43,True,False,False
Veo,446149ad-667f-5fa7-8a76-b39cf1bb0ed6,bicycle,40.064125,-83.046131,,14.61,True,False,False
Veo,42f29e72-e96a-52cc-9a56-e41f88cf2b33,bicycle,39.988802,-83.032844,,11.11,True,False,False
Veo,c593894d-0c40-5b8d-9be2-afe4ebe3b3b1,bicycle,40.001103,-83.00843,,28.14,True,False,False
Veo,883dd778-7ffb-57a1-9d32-13ecb0ba17ef,bicycle,39.951307,-83.024233,,8.09,True,False,False
Veo,6e859746-e1ee-5229-9cc8-fce81d5b9b3b,bicycle,39.959121,-83.001955,,20.05,True,False,False
Veo,7cf0996b-1a75-5861-9713-48ec777e0f7e,bicycle,39.956324,-83.011013,,11.11,True,False,False
Veo,58bbbd81-667f-5b90-b8d5-bcc12abc7f10,bicycle,40.005936,-83.035649,,28.14,False,True,False
Veo,03ce1d3b-0012-5808-a39f-6d369177df8e,bicycle,40.003605,-83.004164,,7.29,True,False,False
Veo,75fa61f9-a062-5661-88ad-bc310b77d5d9,bicycle,39.937266,-82.956655,,28.14,True,False,False
Veo,4cb21520-7d9c-5e3d-b746-a6169d6484c6,bicycle,39.981315,-82.980076,,16.84,True,False,False
Veo,443b7efc-5338-5651-9232-88df32ded9e1,bicycle,40.005826,-83.011882,,13.39,True,False,False
Veo,b79b48b1-e4ff-5508-baea-de5904830193,bicycle,40.00185,-83.013644,,16.84,True,False,False
Veo,a80aa295-31d0-5fbd-9b7a-d3a61a58dbb6,bicycle,40.023163,-82.916267,,28.14,True,False,False
Veo,07e27955-a238-5811-aab7-969a703dcb32,bicycle,40.009727,-82.972578,,23.33,True,False,False
Veo,f42334f6-bb59-5611-9201-cad5a00de055,bicycle,40.003504,-82.975123,,24.33,True,False,False
Veo,3900e360-9cfd-5340-9557-71435c98ea93,bicycle,39.956469,-82.969824,,16.39,True,False,False
Veo,75ce4049-e017-5b60-a5ce-0987dd270498,bicycle,40.016241,-83.015637,,25.34,True,False,False
Veo,473dd82e-7ea4-5d0d-be79-25e855247a8e,bicycle,39.958704,-82.975299,,6.07,True,False,False
Veo,e875e723-8fb6-54d1-999f-6316a321ddba,bicycle,40.004413,-83.020719,,12.63,True,False,False
Veo,751e45f3-5277-571f-85d8-77693b206d51,bicycle,40.026867,-83.014956,,8.09,True,False,False
Veo,372096da-3d64-5612-838c-2c73cccf9178,bicycle,39.944656,-83.067338,,28.14,True,False,False
Veo,3a23a791-45da-56fc-bc6a-d7f091ae7a2b,bicycle,39.946197,-82.996807,,23.77,True,False,False
Veo,9962ffb1-1942-52d3-9b2f-292ff90c8eeb,bicycle,40.000286,-83.010935,,27.77,True,False,False
Veo,208e38eb-c274-52df-b470-d679720855c2,bicycle,39.939109,-82.967286,,25.12,True,False,False
Veo,6cffbe5a-3903-530a-a48b-ff0cc6ac7771,bicycle,40.001348,-83.011508,,13.39,True,False,False
Veo,9ea5574e-fc58-5247-a0a0-8464ad595a66,bicycle,40.004591,-83.015337,,28.14,True,False,False
Veo,843a76f5-351a-5322-a97a-56883a4b9ccd,bicycle,40.007064,-83.002785,,25.12,True,False,False
Veo,0e768e58-1f2e-53f4-8e52-8d03362ebb39,bicycle,39.958769,-82.999811,,26.78,True,False,False
Veo,58ff31a3-434f-500c-89ea-003ac1d4388a,bicycle,40.030203,-82.960732,,15.45,True,False,False
Veo,462a6780-e024-581e-979d-fd0c302e28a7,bicycle,40.001544,-83.00381,,24.84,True,False,False
Veo,53a13fb4-bb50-5ec0-8c57-0abefce4db30,bicycle,39.953988,-82.939003,,25.12,True,False,False
Veo,d05dfd00-5f18-5875-b86e-80bbdbe32a88,bicycle,40.004671,-82.999629,,24.06,True,False,False
Veo,83ccadfb-93e7-568f-8272-cf556debf5cc,bicycle,40.00157,-83.003858,,28.14,True,False,False
Veo,e62124a4-2ccf-5308-a212-65f663e8e663,bicycle,39.986206,-83.006144,,28.14,True,False,False
Veo,ab7dc5df-4bdf-5f31-8d8f-3614281b6195,bicycle,39.998759,-83.009807,,10.31,True,False,False
Veo,45fdc5f7-a830-5880-a912-c297529694cb,bicycle,40.056511,-82.994296,,4.14,True,False,False
Veo,d2780d8b-78c3-5c64-97ff-83c624c8e705,bicycle,39.965399,-82.98803,,9.97,True,False,False
Veo,78c1e211-6540-5130-9c53-7d0bd719de6e,bicycle,39.969743,-82.969038,,12.63,True,False,False
Veo,79a65fc1-71d8-5eb6-9fbb-f9a643c08b14,bicycle,39.947864,-82.967389,,15.18,True,False,False
Veo,70db9e20-c505-5e7c-baca-c9d2493ca60a,bicycle,40.004711,-83.010623,,20.37,True,False,False
Veo,f51b8036-e5b0-52c5-9709-e27086e6596f,bicycle,39.976246,-83.004908,,14.17,True,False,False
Veo,b732ca6d-f216-56e8-8f5c-67baf6ce5dce,bicycle,39.970957,-83.000914,,7.29,True,False,False
Veo,c257bab5-9704-5a39-958e-3898c6775614,bicycle,40.069469,-83.078012,,26.51,True,False,False
Veo,0f199d17-c8fb-5991-97e1-ed132926b16c,bicycle,40.000067,-83.021328,,21.49,True,False,False
Veo,f603aee1-5bf0-5fee-a585-18fb09c41654,bicycle,39.98467,-83.035082,,21.15,True,False,False
Veo,d3eed20d-b41c-5314-bae7-5b04fabe65dd,bicycle,39.997328,-83.007452,,28.14,True,False,False
Veo,a1be989f-4050-5eaa-95d1-1fb7e83e37f8,bicycle,40.002326,-83.010409,,13.64,True,False,False
Veo,ae5c6c2d-88ed-5b70-a9c7-f105b64e19d0,bicycle,39.978702,-82.927515,,7.62,False,False,True
Veo,31f67c76-5229-5c43-b9f5-d9b1168691f5,scooter,39.96326970973133,-82.95319819155927,,27.44,True,False,False
Veo,b5fa55c9-5bf8-53a9-94d1-c982c3ee3ab3,bicycle,39.913625,-82.992684,,12.07,True,False,False
Veo,b801912e-7c83-5492-a726-a4a7de0879b6,bicycle,40.002471,-83.014687,,15.18,True,False,False
Veo,69391e71-8943-5517-bace-7fc4034e4fec,bicycle,40.03841,-82.995597,,26.78,True,False,False
Veo,90f57692-e24d-568c-9e9d-7c5d53d06858,bicycle,40.004015,-83.013298,,13.86,True,False,False
Veo,a3b99c3f-e9cf-5a49-ac8c-af3d019650c0,bicycle,40.03173,-83.025925,,12.28,True,False,False
Veo,f1291f1f-8c0b-58f4-914f-23bfe664ef32,bicycle,40.002163,-83.01282,,27.44,True,False,False
Veo,dd24d79e-7549-5f56-a358-94cc2803570a,bicycle,40.003988,-83.012846,,28.14,True,False,False
Veo,570d0d82-3cd4-55e4-8718-d1d03ad672dc,bicycle,39.978552,-82.95764,,10.79,True,False,False
Veo,af338817-c9b2-57a6-8ffb-9fc153dd5a99,bicycle,40.011966,-82.968579,,22.7,True,False,False
Veo,04280f78-f0b0-54c3-b4b5-ffe779686bd3,bicycle,40.105858,-83.10259,,25.12,True,False,False
Veo,381343bc-4d7e-55f9-999f-616738c99338,bicycle,40.025271,-83.034336,,6.31,True,False,False
Veo,3ec53f0a-25d4-5660-9f79-49ca16b97cab,bicycle,40.018239,-83.024461,,28.14,True,False,False
Veo,53b67d52-b7f9-5846-aa41-a3afcff31b3a,bicycle,40.0029,-83.013752,,14.61,True,False,False
Veo,0659e10c-d311-5ad8-a749-5cb26d9d7051,bicycle,40.001083,-83.008333,,27.77,True,False,False
Veo,2d7481de-35af-5e49-81e2-5fc14225a664,bicycle,39.927852,-83.081408,,24.33,True,False,False
Veo,1cd0d1ad-e5e6-5ad3-a2a2-082aaad75564,bicycle,40.015341,-83.004018,,27.44,True,False,False
Veo,7736f736-57cb-56be-9f68-f62c9bfc399e,bicycle,39.98875,-83.032768,,28.14,True,False,False
Veo,fd734ca5-14d5-58d3-8692-d2af0b801d6f,bicycle,40.023005,-82.96508,,12.87,True,False,False
Veo,edaecfc0-d56a-5d8c-9df9-70006b0e447f,bicycle,39.935938,-82.988854,,27.44,True,False,False
Veo,3a8195a2-5cbf-5da7-9036-c30cf700d115,bicycle,39.952039,-83.062163,,9.65,True,False,False
Veo,7ac4aa30-b129-55a6-a1bf-6e05aa9327c1,bicycle,40.09015,-82.99186,,28.14,True,False,False
Veo,0296a52f-5ab5-5b1c-a422-86af0657957a,bicycle,39.966507,-82.971012,,14.43,True,False,False
Veo,3f8a6e4d-7609-515f-928b-26f9c9f2cab0,bicycle,39.991533,-83.013991,,28.14,True,False,False
Veo,8a16f6c3-c4db-52d4-bb72-0d75af71bb1c,bicycle,40.102535,-83.108658,,12.28,True,False,False
Veo,2f1787d7-a7bd-5b16-88d9-7b9681cc03f8,bicycle,39.979218,-83.002959,,25.94,True,False,False
Veo,96d3e3cd-055d-5a2e-8361-8984acc59b29,bicycle,39.937688,-83.078918,,6.67,True,False,False
Veo,8d612acb-9063-51e5-8317-74916c94f2f8,bicycle,39.958623,-83.002638,,9.65,True,False,False
Veo,83d0c71d-94d6-5e44-af50-53dda071e331,bicycle,39.989456,-83.014361,,12.87,True,False,False
Veo,b707f116-01a4-5700-970b-415ba80226c8,bicycle,39.975453,-83.015129,,28.14,True,False,False
Veo,7ddd3594-e2e3-5223-88a1-e396abfd83c5,bicycle,39.980238,-82.980813,,16.39,True,False,False
Veo,e06df23a-d012-5b1c-ae78-eb67d08fd7d2,bicycle,40.00130422,-83.00394622,,25.34,False,False,True
Veo,2cdd1447-d8ad-59c3-ae5c-d02d00d4ccca,bicycle,39.983797,-83.020777,,28.14,True,False,False
Veo,0f67070c-f09e-5a9f-8d2d-e15c6c5e87d2,bicycle,40.005983,-83.012347,,28.14,True,False,False
Veo,bce5c852-f52d-5bb2-87ac-b3eae799a3e9,bicycle,39.979106,-83.002465,,13.86,True,False,False
Veo,68e50cd1-c163-5365-83c9-35d588060e3e,bicycle,39.926019,-83.043845,,20.37,True,False,False
Veo,9885e13f-15ba-51e2-84e3-831c095d1b1e,bicycle,39.927669,-82.964514,,28.01,True,False,False
Veo,f8915847-b9bc-5578-92d0-e131eed5868d,bicycle,40.004486,-83.011646,,22.05,True,False,False
Veo,5c018752-9051-5dd3-b400-0d86dbfe6176,bicycle,40.007164,-83.047903,,14.86,True,False,False
Veo,8d065659-2725-5bbe-b713-c8057f561d96,bicycle,39.983906,-83.017849,,14.43,True,False,False
Veo,c4f7c667-7811-5d6c-9b05-d7e17357159f,bicycle,39.962673,-82.970429,,28.14,True,False,False
Veo,3ebfb81f-c905-576e-b608-b5efc40cf0ab,bicycle,40.102727,-83.10833,,22.7,True,False,False
Veo,c1db2551-bd62-5aea-9877-a7197b1beab8,bicycle,40.00186,-83.014458,,22.05,True,False,False
Veo,fd5936ab-76b5-5f6e-a558-fadf0e225fab,bicycle,39.932665,-82.976888,,9.65,True,False,False
Veo,835f2899-9b73-5f73-8c91-fe9dbe4cb4de,bicycle,39.959857,-82.965628,,14.86,True,False,False
Veo,0e714d51-fd52-5e00-b36f-acfcd94c8cd7,bicycle,39.978494,-82.957638,,12.63,True,False,False
Veo,73ce0975-2b6a-5b20-82d5-70eb0e77f207,bicycle,39.963534,-82.981887,,22.39,True,False,False
Veo,a7ece3b7-62d3-5e14-9b99-caae9c21692f,bicycle,39.949502,-82.995346,,12.87,True,False,False
Veo,811740dc-abb0-51e2-ba5c-c96a49f0aab0,bicycle,40.001227,-83.014538,,23.33,True,False,False
Veo,d8546d66-c1c2-59e2-ab93-36f9574370d9,bicycle,39.99864786,-83.00701844,,26.25,False,False,True
Veo,f3ed910d-37b3-5e6c-8101-b90a1d65b623,bicycle,39.993614,-82.981126,,27.44,True,False,False
Veo,6e2fa8e5-00c2-5c43-98c0-39cfbf76cf5a,bicycle,39.962191,-82.982109,,6.67,True,False,False
Veo,133d29fd-1596-50ea-82c3-4b6e1f740123,bicycle,39.931639,-83.037426,,25.65,True,False,False
Veo,febbc28d-b023-5594-a711-39aaa307b614,bicycle,39.947714,-83.041704,,26.78,True,False,False
Veo,37aa2b2f-e03e-580b-8886-021e34608a9f,bicycle,39.942032,-82.995,,28.14,True,False,False
Veo,6f20ab46-e305-5587-9c26-d14e91cc49d3,bicycle,39.926261,-83.115746,,25.34,True,False,False
Veo,798dd0c3-af7b-5788-8893-69f2f1b11846,bicycle,39.96836,-83.005516,,19.39,True,False,False
Veo,92e883bd-616b-5042-96c1-a6ce6111ea09,bicycle,40.005168,-83.010173,,9.02,True,False,False
Veo,268c616a-0648-5184-8bab-657d1bb18073,bicycle,40.002031,-83.01561,,25.74,True,False,False
Veo,d40d4c4e-98ff-5e97-90f9-527dcc6479ca,bicycle,39.978501,-82.957581,,12.07,True,False,False
Veo,04966c1a-9ce0-5cb4-8751-a1c3347b34d2,bicycle,39.987434,-82.930966,,28.14,True,False,False
Veo,702cb3c7-13cd-5145-9489-734fcf2edf9b,bicycle,40.019871,-83.035834,,20.05,True,False,False
Veo,35471343-632d-5cf9-bc5d-eb5e8bbfa660,bicycle,39.939529,-82.913051,,28.14,True,False,False
Veo,68652999-a5b0-5a8a-80b8-7118cf8fe854,bicycle,40.064482,-82.988116,,24.84,True,False,False
Veo,b32accea-0863-5dcc-bafd-3df602645b30,bicycle,39.946805,-83.064856,,7.29,True,False,False
Veo,d9112918-c2f6-5463-a029-064162a9fc92,bicycle,40.002728,-83.013834,,8.43,True,False,False
Veo,ad91bf72-2e40-5dcb-b662-b9da760ba014,bicycle,39.931021,-83.03787,,14.17,True,False,False
Veo,dea79823-26b7-5ab2-aa8a-4f76b6f855e3,bicycle,40.004434,-83.011956,,21.77,True,False,False
Veo,2682892c-de54-5a9d-9de3-e06d60d3ab19,bicycle,39.948506,-83.053436,,14.17,True,False,False
Veo,4dfa823f-efe1-527b-8a81-53171305f98f,bicycle,39.993619,-82.981101,,28.01,True,False,False
Veo,87102bb9-254f-5a81-9d52-b922b9018e8e,bicycle,39.943495,-83.047814,,10.31,True,False,False
Veo,77a66278-60d8-5a18-9214-f74c264978d4,bicycle,39.980244,-82.994497,,20.05,True,False,False
Veo,2296c177-6095-51c4-b71a-d4e7c9442fbf,bicycle,39.975568,-82.979662,,19.39,True,False,False
Veo,a7ca10e6-1e2e-5488-af97-1d9a0608a8c1,bicycle,39.99199992167082,-83.00651819906186,,27.44,False,False,True
Veo,30d96360-fa48-5dce-bb9c-c947ec65b6ea,bicycle,40.00476,-83.01054,,6.07,True,False,False
Veo,2cdb83d4-955d-572f-a4bd-afe9e10b796c,bicycle,39.959782,-83.090824,,28.14,True,False,False
Veo,76188391-e609-5f37-81be-21de48751765,bicycle,39.95619,-83.014365,,14.43,True,False,False
Veo,3a7ab926-7e67-5184-a4ed-522e728aa9c3,bicycle,39.951018,-83.079438,,22.39,True,False,False
Veo,4bc35c73-744e-5351-a4a2-3de10a45ef17,bicycle,39.96061,-82.971864,,23.33,True,False,False
Veo,42f07ace-cd8f-5742-a215-767fdff952ab,bicycle,40.002222,-82.99695,,10.31,True,False,False
Veo,e3c2a426-6f02-558b-b1d9-5ad62b13cd85,bicycle,40.01074,-83.006124,,13.1,True,False,False
Veo,6eefaedc-7195-5093-aaf6-9a89b9f7936d,bicycle,40.100795,-83.115418,,24.33,True,False,False
Veo,670e530d-7650-548e-b1c2-044f99779209,bicycle,40.011068,-82.947991,,28.14,True,False,False
Veo,b78e7adf-0c4f-5e00-9d5a-fb9d5be5c243,bicycle,40.053944,-83.060079,,4.78,True,False,False
Veo,791c076d-f49c-5af7-9732-159a2a07f2ca,bicycle,39.979158,-82.994754,,19.05,True,False,False
Veo,3026e0f4-b4a1-5344-bc63-70aa40ae4c0e,bicycle,39.924084,-82.986067,,23.77,True,False,False
Veo,23201457-7147-58f0-a846-e3654c3b6eca,bicycle,39.951162,-83.056348,,27.44,True,False,False
Veo,5fa9a443-6d1d-5b82-88c2-160506ae1f79,bicycle,39.946548,-83.054813,,26.25,True,False,False
Veo,0c9142d2-683b-5ffb-a389-37489e8b211c,bicycle,40.100986,-83.108911,,26.25,True,False,False
Veo,13b834c7-63f4-5d09-beb6-f83b32853925,bicycle,40.00428,-82.997389,,21.77,True,False,False
Veo,1028817b-ebec-52c3-acb7-11c13b30771c,bicycle,39.958492,-83.035521,,28.14,True,False,False
Veo,9ccdf723-c808-5f1b-8c52-a52a530d193f,bicycle,40.079012,-82.956252,,20.78,True,False,False
Veo,78388700-5b23-5743-b338-3b38784ceb63,bicycle,40.032748,-82.991515,,28.14,True,False,False
Veo,7c5d6146-72be-5566-bfb2-c86614d1c930,bicycle,39.969391,-83.002429,,14.17,True,False,False
Veo,07447020-6aac-54e0-b7a6-cae2da85b5f9,bicycle,39.994975,-82.994368,,10.79,True,False,False
Veo,a4e9c760-4885-5c09-acd7-bfb283d91287,bicycle,40.002145,-83.014601,,14.17,True,False,False
Veo,b921aabe-a378-5a7b-b4fb-c5aff84274de,bicycle,39.993957,-83.021369,,23.33,True,False,False
Veo,9da34481-81de-57aa-91b2-94a32720d825,bicycle,39.959904,-83.065815,,28.14,True,False,False
Veo,50932330-e6ba-5430-b598-e7da54124967,bicycle,39.993369,-83.019932,,28.14,True,False,False
Veo,3435e96c-a7c2-51c8-b476-856b17ad3aed,bicycle,39.937444,-82.975502,,14.43,True,False,False
Veo,5e901de1-c4cd-519f-a22d-ac19167ee626,bicycle,39.958829,-82.999768,,25.94,True,False,False
Veo,b022a864-a026-52cd-b15c-2cb467d6add2,bicycle,40.010644,-83.004463,,28.01,True,False,False
Veo,99b31151-b1d6-559c-8d9c-c0d1e44a8b5b,bicycle,39.952454,-83.090597,,25.34,True,False,False
Veo,f8045d6d-1b5f-5dd4-b37d-fccfa3741288,bicycle,40.032784,-82.991508,,10.31,True,False,False
Veo,b02bf1c6-deff-5d7f-aa46-d87194cdac12,bicycle,40.00706,-83.003448,,25.34,True,False,False
Veo,cb147373-8848-50af-b411-dd6e4fc6b4b7,bicycle,39.966155,-82.962215,,24.33,True,False,False
Veo,853afce5-3b4d-5743-b649-2e45079f09cf,bicycle,39.946758,-82.951421,,25.74,True,False,False
Veo,97b55cfb-bbbe-5982-9a2a-e058d1f555a6,bicycle,40.029421,-82.961485,,16.84,True,False,False
Veo,ef094cf2-46d4-5aa7-b61a-0ebde970aebc,bicycle,39.946892,-82.979644,,9.02,True,False,False
Veo,42836a45-d33d-5a9b-8f92-de746d3d9d80,bicycle,40.009359,-82.941053,,26.51,True,False,False
Veo,c24e35c2-a1f5-5231-b07a-90fab405e238,bicycle,39.987073,-82.926082,,15.18,True,False,False
Veo,f65b2941-d4af-5d72-b646-03ae73a15c8b,bicycle,39.95581782339665,-83.003053593439,,28.14,False,False,True
Veo,39eef87b-e1fe-5cf7-a78f-d703d39da856,bicycle,39.942986,-83.10248,,27.44,True,False,False
Veo,242c096e-5c6e-57a0-8357-9fbc4de843a5,bicycle,39.941963,-82.99497,,26.51,True,False,False
Veo,2c9bc699-142d-56b9-a2a7-80150f0cd028,bicycle,40.002543,-83.012692,,9.29,True,False,False
Veo,435ee730-b4c9-5c4f-9be4-2bcbc61f5ac8,bicycle,40.00353,-83.01787,,26.78,True,False,False
Veo,286d146b-58c7-5d42-81d3-102f6e60dc3b,bicycle,39.99833,-83.01669,,25.74,True,False,False
Veo,22735ec6-91e6-554f-882b-8075269e0c4d,bicycle,40.057682,-83.017503,,17.37,True,False,False
Veo,23a53fa8-db24-5817-83b8-cd0b64d32d08,bicycle,39.968733,-82.971247,,19.05,True,False,False
Veo,60d77626-a15b-54fb-8dc4-460363a53b90,bicycle,39.963681,-83.039602,,26.25,True,False,False
Veo,95120ec2-7133-5229-8a0d-28e20a42333d,bicycle,39.922701,-83.034482,,21.15,True,False,False
Veo,7ccaf8c6-2de6-54c8-9fa1-788b5b5f5af4,bicycle,40.031748,-82.960242,,24.06,True,False,False
Veo,b0ccdcce-4ec0-5280-b7bf-4f2fd3765a9b,bicycle,39.95909,-83.001965,,13.39,True,False,False
Veo,d90729dc-6e7f-52ea-9f45-bde8828c3596,bicycle,40.011999,-82.96856,,25.65,True,False,False
Veo,35e8c605-22ba-5910-9b11-6908b5805d99,bicycle,40.012533,-83.002415,,28.14,True,False,False
Veo,e152a2b1-c3a4-56e1-b79b-f8d83d7f2497,bicycle,39.908064,-82.955753,,14.86,True,False,False
Veo,b23c43e9-e050-51c4-bda8-306d9b8384c4,bicycle,39.94704731098506,-82.9993672282022,,24.84,False,True,False
Veo,ce052e07-6593-586a-8c86-624209d663a2,bicycle,39.99533,-83.044447,,12.52,True,False,False
Veo,4d2c7bc0-fd71-51e1-a2b9-e835d4861b85,bicycle,39.955665,-83.016756,,14.17,True,False,False
Veo,9d4fc381-0347-5a9e-8a34-628a65c31a00,bicycle,39.952763,-82.993181,,28.14,True,False,False
Veo,dd07cfef-d0af-5b8a-a89a-5290edb5f43f,bicycle,40.009716,-83.015947,,28.14,True,False,False
Veo,aca9bde5-87e4-50fb-8905-d5a9447feecc,bicycle,40.038801,-82.973456,,28.14,True,False,False
Veo,c9870dbf-3e84-5b05-bc8c-30642677440e,bicycle,39.993965,-83.013702,,25.12,True,False,False
Veo,80b79624-7235-5e5b-9122-bdfc575aeb66,bicycle,39.969229,-82.967134,,14.61,True,False,False
Veo,253c4f49-aa3b-5f04-8aed-6eadb15d41c1,bicycle,39.962137,-82.939783,,28.14,True,False,False
Veo,f7558fca-32e9-54ce-9128-ae358e931a8c,bicycle,40.005373,-83.010889,,10.31,True,False,False
Veo,680602b3-378b-56f6-9fda-1e9291a3facf,bicycle,39.93742,-83.096543,,28.14,True,False,False
Veo,7917853d-75ce-508d-bbf5-98bdef5760f1,bicycle,39.989548,-82.983636,,15.18,True,False,False
Veo,d0153cff-17ce-507f-91aa-ca4e5a4ef32b,bicycle,40.02011,-83.000793,,8.09,True,False,False
Veo,027efe37-eb87-509b-a1bc-92afb586f63b,bicycle,40.052464,-83.042416,,14.43,True,False,False
Veo,7a735533-65dc-55f8-810c-839f76f42eda,bicycle,39.984652,-82.996967,,25.74,True,False,False
Veo,c9156154-137e-57db-806b-394c6d34ea86,bicycle,39.957385,-83.085011,,28.14,True,False,False
Veo,13bccc7a-28d9-5ebf-ab17-91c7e425a5b5,bicycle,40.052571,-82.954607,,11.11,True,False,False
Veo,efa3e426-156d-57f8-8cdb-484def7ee3a3,bicycle,40.003067,-83.01669,,8.09,True,False,False
Veo,2871552d-da1d-505b-9ae2-358fef0f6c9f,bicycle,40.016289,-83.030651,,22.39,True,False,False
Veo,676c8dcb-454d-548d-a05c-3596ec2c8b41,bicycle,39.979048,-82.994623,,8.78,True,False,False
Veo,31a11777-40b8-5e0e-8ae2-882456346210,bicycle,39.95721,-82.918019,,28.14,True,False,False
Veo,a085a0ff-1f12-51f1-87e8-33975ee92085,bicycle,39.997064,-83.017983,,28.14,True,False,False
Veo,371e47c6-81dd-5171-8436-e5539f17e2aa,bicycle,39.969714999999994,-82.96949000000001,,25.74,False,True,True
Veo,c77b6ace-51f7-581b-8bd6-70f38cad5cde,bicycle,40.005765,-83.002512,,22.39,True,False,False
Veo,0407562d-e3f6-504f-9e17-891a9eba9442,bicycle,40.002104,-83.012871,,28.14,True,False,False
Veo,28bd9b1d-ccc4-5073-8e8b-7f36ba651108,bicycle,39.979088,-83.002649,,19.78,True,False,False
Veo,98b63579-136d-5833-bc96-98e935be4715,bicycle,39.969372,-83.017687,,16.84,True,False,False
Veo,edc5bfe4-c1e7-558d-9658-25b6648db205,bicycle,39.948929,-83.076523,,28.14,True,False,False
Veo,db112912-44ce-5260-9336-5a5affabb02c,bicycle,39.905725,-82.985978,,1.56,True,False,False
Veo,7900e18e-5871-5d42-95d3-9893a83d972b,bicycle,39.943557,-83.085383,,14.61,True,False,False
Veo,806a8772-f904-544b-8970-0f4fe4ebcc25,bicycle,40.003976,-83.012773,,28.14,True,False,False
Veo,16917d80-c3b6-5358-b39d-2a8f9bee02a7,bicycle,40.00997,-83.006583,,28.14,True,False,False
Veo,91641f8f-33c1-557e-9e39-f568c9773d7a,bicycle,40.090091,-82.991973,,28.14,True,False,False
Veo,dcc2b9bf-22a9-5d9b-be6f-923dbf6f6cbf,bicycle,39.99402,-83.013555,,12.63,True,False,False
Veo,d3f38a3d-5e99-505f-bb7f-2251d1faa071,bicycle,39.967868,-82.886581,,28.14,True,False,False
Veo,e341570d-78da-52d5-9dfb-12d0e0a08c29,bicycle,39.958516,-82.96523,,28.14,True,False,False
Veo,408c8d34-7cf7-5237-95ca-fe758fbcae51,bicycle,39.962329,-82.962102,,11.11,True,False,False
Veo,6ce6f673-c9d3-5ed9-8958-faa7f0df78df,bicycle,39.981107,-82.921971,,28.14,True,False,False
Veo,2d1ba3c1-6d5e-5cba-9532-9ec14f28aacc,bicycle,40.000396,-83.021369,,28.01,True,False,False
Veo,9520bc91-425f-57fa-8f61-ddd6d94713a1,bicycle,39.979898,-83.010306,,12.07,True,False,False
Veo,56f26529-755b-5057-9cc3-1f8c3d3ae96c,bicycle,39.962135,-82.949992,,22.39,True,False,False
Veo,c6ca8946-3ede-51bb-b2f1-3f7b2e090583,bicycle,39.937274,-82.956657,,8.78,True,False,False
Veo,ee996f48-ddf2-517b-b1bc-64f57f4c032b,bicycle,40.011931,-83.022607,,16.39,True,False,False
Veo,834d10a2-e3bd-5cfb-8ea1-87e8d420b408,bicycle,39.98883127,-82.999555,,14.61,False,False,True
Veo,66bb3c00-6c87-5712-b261-2227e40eab18,scooter,39.99612,-83.007743,,16.39,True,False,False
Veo,8a8e844d-fcb3-5aae-8c28-42e43e311a54,bicycle,39.974158,-83.001291,,9.97,True,False,False
Veo,e122807d-4794-5d88-b7a1-7d8386df439f,bicycle,40.033624,-83.018538,,24.06,True,False,False
Veo,a70c106f-7d07-5069-b9bd-106e00cc5df5,bicycle,39.98886,-82.999466,,17.37,True,False,False
Veo,4ef11eed-58bd-544f-ac76-e1045254809c,bicycle,40.00110926115463,-83.00838914720484,,28.14,False,False,True
Veo,f73f5956-ded4-5d73-99b1-1150e7657c70,bicycle,39.986626,-83.020989,,22.7,True,False,False
Veo,08f243d1-e5dd-5295-9eba-8b776dbb114a,bicycle,39.902054,-82.990718,,11.11,True,False,False
Veo,bc841108-2c1e-53d8-bbc4-ac39cdf902a8,bicycle,40.005795,-82.976713,,15.89,True,False,False
Veo,bca0bba7-4bab-5207-88bf-41c4dae142da,bicycle,39.930365,-83.072419,,27.77,True,False,False
Veo,0da61373-1184-57d4-bb28-05a5e3cbd719,bicycle,39.968,-82.999022,,15.89,True,False,False
Veo,6e3a24f2-c1f5-5f92-9b9a-a6a670ff2f74,bicycle,39.955567,-83.080053,,28.14,True,False,False
Veo,e5dfdf78-e4c1-54e9-bf51-9b79a62b2680,bicycle,39.991456,-82.998755,,10.51,True,False,False
Veo,8556abf4-6986-5635-b8be-d1d3bb0c278a,bicycle,39.96538,-82.983908,,14.17,True,False,False
Veo,af3c4749-f71e-5a1a-ac31-e55ba3c889e3,bicycle,39.960815,-83.012537,,28.14,True,False,False
Veo,65e358c4-1b31-5d73-a905-244c136375e3,bicycle,39.946971,-82.948874,,21.49,True,False,False
Veo,7320b20e-e0ed-5735-bcc2-d12089daf1fa,bicycle,40.00508,-83.00897,,8.09,True,False,False
Veo,af1fbf21-e76e-556b-a094-4aa6a743e10c,bicycle,39.986913,-83.009409,,27.44,True,False,False
Veo,39fd0a85-9093-5935-be21-001a7d56b948,bicycle,39.937207,-82.982953,,15.89,True,False,False
Veo,39d742a9-0eb8-5782-b3bd-2fecc9d11f69,bicycle,39.94876,-83.042125,,19.05,True,False,False
Veo,5d1814ef-eff6-50f9-a267-bd0ef09a7c37,bicycle,40.005401,-83.01512,,26.25,True,False,False
Veo,c5b1abd9-78f9-5553-afc0-a0e036982667,bicycle,40.002419,-83.013854,,12.63,True,False,False
Veo,9d485cb3-9298-5b18-97dc-b0a2f9c74923,bicycle,40.000267,-83.010945,,13.1,True,False,False
Veo,1b4d1dcf-6f1d-5e0b-a48b-85c0a706b7cb,bicycle,39.944065,-82.981714,,28.14,True,False,False
Veo,c998caa8-8187-53fc-b5d4-b0b23626bac1,bicycle,40.057752,-82.953846,,19.78,True,False,False
Veo,09452d23-48aa-5b82-851d-cd0b02f159c0,bicycle,39.978617,-82.997426,,11.59,True,False,False
Veo,82aaf78b-5bf2-5128-a250-7d96318e0c06,bicycle,39.954248,-83.023553,,9.97,True,False,False
Veo,c2035d45-1738-5606-b6e1-c3c4a73b6633,bicycle,39.971601,-82.969315,,25.34,True,False,False
Veo,11a40a42-2e99-5260-b242-3585c4ea10d7,bicycle,39.986078,-82.952124,,28.14,True,False,False
Veo,83d29865-4563-5bea-a546-64e8e633eb1f,bicycle,39.955707,-82.937888,,28.01,True,False,False
Veo,ad9fff10-d65d-5cfa-b5d0-b6df8fca7097,bicycle,40.015774,-83.010838,,24.33,True,False,False
Veo,27985cba-8b11-57c6-91b4-19157af500a7,bicycle,40.100786,-83.115387,,24.33,True,False,False
Veo,f3e232cb-99fe-5e0c-9df0-8edebaa3bc55,bicycle,39.959059,-82.968378,,26.51,True,False,False
Veo,0af62f27-d759-5dd3-8d91-7bd6d59d7cce,bicycle,39.941818,-82.983029,,13.64,True,False,False
Veo,15d789b5-ecf0-5448-8181-2abf90e4d276,bicycle,39.980941,-82.915712,,14.43,True,False,False
Veo,400abaf8-7776-52e8-9b86-9ea529a23045,bicycle,40.02362,-82.996322,,17.37,True,False,False
Veo,a650b033-d172-5e7a-b8eb-7dfcded1b844,scooter,39.946611,-83.058383,,28.14,True,False,False
Veo,08bda716-e275-5690-826f-a6c5d3d57020,bicycle,39.982611,-82.998747,,6.31,True,False,False
Veo,f6115cac-0a8d-5cce-af26-975d745693db,bicycle,39.998534,-83.013878,,24.33,True,False,False
Veo,a300959c-c0cb-5143-afc3-e2acce9d5447,bicycle,40.005462,-82.945533,,22.7,True,False,False
Veo,38b6e247-a76b-53f7-9973-9a145ad0c5ab,bicycle,40.022341,-83.013286,,28.14,True,False,False
Veo,ec18f679-caf7-5c7f-aec7-a39b36cfac7e,bicycle,39.967646,-83.013425,,28.01,True,False,False
Veo,4c34117e-3f9d-54e8-9198-b0f1ac9d7e03,bicycle,39.993644,-83.016113,,19.78,True,False,False
Veo,d6baf275-95a4-5b6a-87a7-811a788c428f,bicycle,39.975299,-82.980029,,22.7,True,False,False
Veo,ede6a4a8-c626-5ee3-bc3a-2e0e1503d85c,bicycle,40.003761,-83.012932,,24.33,True,False,False
Veo,f01d9db0-3892-5f22-9270-b9b38c297fb7,bicycle,40.103813,-83.10951,,21.49,True,False,False
Veo,f3aa4b86-4500-5755-96cd-74f8651f9c42,scooter,39.964741,-83.000289,,28.14,True,False,False
Veo,d82b2d33-8a36-52aa-a5e7-6875aa401e28,scooter,39.950889,-82.997577,,28.14,True,False,False
Veo,75256672-d899-56a5-ba24-de576b1962b4,bicycle,40.014899,-82.934747,,28.14,True,False,False
Veo,3f72eea6-f22b-52af-b48e-18c396d3f774,bicycle,39.94945,-83.041774,,25.94,True,False,False
Veo,c77bdeaf-b649-55b9-8bf6-37b74bcef818,bicycle,39.959357969233196,-82.98433756063041,,11.59,False,False,True
Veo,171a70df-9e70-5837-98b0-fcf332c6b956,bicycle,40.001919,-82.998442,,28.14,True,False,False
Veo,dab45545-ce8c-518b-8b88-36775080cc6f,bicycle,40.000963,-83.037157,,26.78,True,False,False
Veo,6ff6eff5-7841-51f0-9f96-4066c488d33c,bicycle,39.954862,-83.07076,,28.14,True,False,False
Veo,460f05e1-9f28-5a6f-860b-db45f88aab1b,bicycle,40.001106,-83.013365,,23.02,True,False,False
Veo,7fa61f58-92c2-52dc-8c19-02e83faa8ea7,bicycle,39.970776,-82.873319,,28.14,True,False,False
Veo,4c289373-3dbb-5b56-8444-98ad3c92999e,bicycle,39.996425,-82.987325,,27.77,True,False,False
Veo,be830b06-cc37-564b-b8d2-b7ef35ab379c,bicycle,40.007129,-83.047907,,15.18,True,False,False
Veo,170852d8-ce24-52f4-b3c7-7124c05a4aa9,bicycle,39.997035,-82.999072,,23.02,True,False,False
Veo,b45abf66-e228-516a-bba9-7d312f68ae8e,bicycle,40.019159,-82.965064,,25.94,True,False,False
Veo,587cff88-6202-5e53-aa13-59556f8b9add,bicycle,39.972867,-83.003185,,28.14,False,True,False
Veo,1e91269c-de74-5b60-9644-743d43441263,bicycle,39.975048,-82.972313,,28.14,True,False,False
Veo,54d01cca-7631-510d-8894-8c605bbfe2ae,bicycle,40.007481,-82.977705,,11.59,True,False,False
Veo,68a86efd-9eb6-5570-9dce-15058d5e7599,bicycle,39.912439,-82.990764,,19.39,True,False,False
Veo,21cc24d5-f235-56d3-8d72-5e666b921a51,bicycle,39.938761,-83.000231,,25.65,True,False,False
Veo,47d05af6-c891-5236-9387-f5870aa4bc11,bicycle,39.926229,-82.996356,,9.97,True,False,False
Veo,93ffe996-8b8f-5ba0-b364-ef3ede7cc12e,bicycle,39.998105,-83.009787,,27.02,True,False,False
Veo,437cb87b-fb76-587f-b35d-59aacc96d685,bicycle,39.974813,-83.070944,,21.77,True,False,False
Veo,ac510360-73bd-5ec8-8db0-529e533f2d08,bicycle,39.941552,-82.997165,,23.33,True,False,False
Veo,a83cca90-2ca4-51c4-8509-40bfb9adbf4b,bicycle,39.956142,-83.012393,,22.7,True,False,False
Veo,cb4f2f8d-3b3a-5b1b-a2e2-cef9f3e2d820,bicycle,39.949436,-83.092597,,28.14,True,False,False
Veo,b5387f88-2460-5683-8f9a-125df3c3f705,bicycle,40.017232,-82.962867,,5.27,False,False,True
Veo,e295cbf2-79c0-5023-b857-00b237ef91ab,bicycle,39.994018,-83.013372,,9.65,True,False,False
Veo,181b608a-5a2b-5306-8ebe-333ce1003f6b,bicycle,40.021196,-82.975568,,28.14,True,False,False
Veo,86c5dc26-620b-53e9-b170-553545be2362,bicycle,39.982821,-83.014229,,9.29,True,False,False
Veo,5a8342fb-480e-5527-b432-eef63e7f766b,bicycle,40.00398,-83.01287,,12.28,True,False,False
Veo,872e60b8-1ff5-56a0-b6a5-b3c1c23f3ffa,bicycle,39.99557239543317,-83.00436817380032,,28.01,False,True,False
Veo,94ee3f07-e5e3-50eb-9343-a5f0d31cc4c0,bicycle,40.017249,-83.006505,,6.31,True,False,False
Veo,02cf6eb0-82f1-5c6f-893f-5d76d2b3a06a,scooter,40.000221,-83.017985,,27.77,True,False,False
Veo,975fc50c-c608-5fab-8387-3329ffa8b33c,bicycle,39.957927,-82.989752,,24.33,True,False,False
Veo,bcd10ccc-d804-5b59-a954-9f2779861612,bicycle,39.960056,-82.965158,,9.97,True,False,False
Veo,fae306c9-933c-51fd-960a-096b7c96ebb9,bicycle,39.98914,-82.990288,,27.02,True,False,False
Veo,13a175b3-fea3-543c-9627-3991d858776a,bicycle,39.966582,-82.975904,,12.52,True,False,False
Veo,52a0d5c5-0989-5ea7-be65-87c6c6b29250,bicycle,39.955745,-82.977231,,9.02,True,False,False
Veo,9df10a39-6a5f-5b26-8667-5d2fb10d6d84,bicycle,39.942974,-83.045247,,14.86,True,False,False
Veo,60770c80-2acf-5798-907a-507b7d9bd87c,bicycle,39.998113,-83.009565,,22.7,True,False,False
Veo,5c7d4eca-1c84-5121-b200-2f770719baf9,bicycle,39.976273,-82.978959,,28.14,True,False,False
Veo,4897ff5f-ddbc-5075-8659-494a19d09706,bicycle,40.10387,-83.109785,,27.77,True,False,False
Veo,716a4667-f664-5be2-88a2-662d1ef8fb12,bicycle,40.037602,-82.999768,,1.83,True,False,False
Veo,5363dd9c-0722-5bd1-9545-0ac0bed4ddea,bicycle,39.98087,-83.001853,,13.39,True,False,False
Veo,369076d9-77d7-5c9d-864c-911a1bbe0268,bicycle,40.007196,-83.005376,,22.39,True,False,False
Veo,ee6deb97-89d2-57f0-b495-fe1d7080ab76,bicycle,39.96382,-83.042073,,2.55,False,False,True
Veo,2010c12f-fe77-57cd-afa7-c0602b76ee7b,bicycle,40.002249,-83.015603,,25.65,True,False,False
Veo,9c45171e-0165-5867-83df-57dc618a13b2,bicycle,39.975674,-83.014942,,14.61,True,False,False
Veo,183abf28-088e-543a-8701-f24c80acd084,scooter,39.958986,-83.012716,,26.25,True,False,False
Veo,c650b5fa-8738-5186-92df-4f7ddf0ce25e,bicycle,39.998167,-83.009716,,19.39,True,False,False
Veo,77b4ffab-e04a-5d59-8b5b-4f7432c4656d,bicycle,39.971337,-83.002231,,25.12,True,False,False
Veo,c269b6ff-dc5a-5379-81b4-2885b408a90e,bicycle,39.974809,-83.070929,,28.14,True,False,False
Veo,ef0d85c3-9776-5896-8749-e40e70569213,scooter,39.999172,-83.015838,,28.14,True,False,False
Veo,65374ce9-ec05-552b-b6c2-9cbdb47f378a,bicycle,39.965265,-82.973875,,28.14,True,False,False
Veo,02afdeb6-a579-592f-8ff1-3e89aa8cb87f,scooter,39.957989,-83.01371,,6.98,True,False,False
Veo,93e62cf0-83cc-557d-be59-d756391877e5,bicycle,39.988503,-83.030379,,22.05,True,False,False
Veo,3cbfd205-dfa9-5714-895b-ddc222292027,bicycle,39.941997,-82.994953,,6.07,True,False,False
Veo,3f2ddbeb-9133-59b1-bd45-7898763de7bb,scooter,39.963117,-83.004278,,25.65,True,False,False
Veo,e9483912-e27e-5635-b222-f90558fafa77,bicycle,39.985569,-83.054113,,22.39,True,False,False
Veo,7f1b8231-52a7-591f-8813-9082c041e4c4,scooter,39.997356,-83.00769,,15.45,True,False,False
Veo,c1afa797-4e66-5af9-84d3-a653502e9b0d,bicycle,39.897322,-82.981686,,28.14,True,False,False
Veo,80b7603c-95a2-5512-b479-0890dbb4fe4d,scooter,39.955904,-83.003156,,21.15,True,False,False
Veo,5bcdd38c-a752-54c4-8284-f6894c2f4788,bicycle,40.006943,-83.009285,,28.14,True,False,False
Veo,68bd2ef7-2ac0-526d-811a-a62a6da63bb7,scooter,39.958676,-83.002417,,19.39,True,False,False
Veo,a195a47b-065d-57a1-a441-8e31dd50d6a6,bicycle,39.923353,-82.957006,,8.09,True,False,False
Veo,93f94a8a-af9e-5712-a936-56b278a76adc,scooter,40.008287,-83.013388,,26.78,True,False,False
Veo,74e909a8-5a5b-5817-bb07-b2b06493e3d3,bicycle,39.988624,-83.000723,,14.17,True,False,False
Veo,2d0df1cc-426c-5a9d-b30a-2c173f8a912a,bicycle,40.008918,-82.971658,,27.02,True,False,False
Veo,99e940f2-a787-5a2c-85c8-30abf89b5d4e,scooter,40.021611,-83.009248,,21.77,True,False,False
Veo,59e43e69-32c7-5b9c-ae19-38736e120ed0,scooter,39.988137262897084,-82.99607458462063,,21.49,False,True,True
Veo,b5b9a14a-2007-58f0-b7c7-17abe4847af7,bicycle,39.931318,-82.991299,,21.77,True,False,False
Veo,2e911bf1-79a8-5b0b-83ff-3bf93b53a39b,bicycle,39.955769,-82.945356,,12.87,True,False,False
Veo,59f70d13-aee8-56a9-9d29-c0130369fd79,bicycle,39.91407,-82.993176,,28.14,True,False,False
Veo,9276b02b-ed82-5fb6-b338-fd5a73deab7c,bicycle,39.943684,-83.057665,,20.05,True,False,False
Veo,8fb61e9a-fac6-501b-b18b-46df4bbb8878,scooter,39.974136,-83.001275,,15.89,True,False,False
Veo,f65c5466-efff-5d43-b451-b1f6061d41ef,bicycle,39.993931,-82.983346,,28.14,True,False,False
Veo,55224a99-6712-50ac-b953-27c52706669d,bicycle,40.030255,-83.028464,,24.33,True,False,False
Veo,5dfcd462-cdf1-5c24-a0d6-b5f6e374a7d7,bicycle,39.949438,-83.041762,,28.14,True,False,False
Veo,938ef078-7f8b-5b22-85b1-123cd6bb869b,bicycle,39.98565,-82.937303,,6.31,True,False,False
Veo,8fae601a-4121-5f40-88ee-430a08c5ab7d,bicycle,40.015622,-82.96924,,28.14,True,False,False
Veo,a58aefb8-7c50-592a-a5c7-230a46713257,scooter,40.010944,-83.009556,,25.94,True,False,False
Veo,2a6c810e-e3ae-5e75-a964-677538f52fe9,bicycle,39.936849,-82.950777,,27.44,True,False,False
Veo,634f0e8f-fcaf-569d-82ad-31502a8f1116,bicycle,39.969282,-82.998286,,12.87,True,False,False
Veo,3fa4fe9f-5f05-5ce2-a8e4-dc9a48efbb36,bicycle,40.004523,-83.012086,,15.89,True,False,False
Veo,e9a79518-9651-5818-bc38-e4f16eb3b16d,bicycle,40.103782,-83.109283,,8.78,True,False,False
Veo,f3f3bbba-93b5-50f5-a580-1f1adad85249,bicycle,39.998057,-83.021518,,28.14,True,False,False
Veo,6e514eeb-26db-578a-ade7-3a3ab038d18d,scooter,39.964934,-83.000143,,25.12,True,False,False
Veo,757c9381-343a-5106-9a19-463c7142bab7,bicycle,40.01154,-83.003219,,17.89,True,False,False
Veo,804e6dbd-5cdf-58ef-a643-aac9a6ef5d32,bicycle,39.997584,-83.002126,,14.17,True,False,False
Veo,4973a9cc-8399-5469-a5c2-49d23078ba1a,bicycle,39.988021,-83.00206,,14.17,True,False,False
Veo,45914c18-371e-5a93-9c53-ba71dbff0111,scooter,39.957576,-83.011358,,24.84,True,False,False
Veo,fae9b6ac-2b94-5f25-a796-ea13ec8f16df,bicycle,39.996154,-82.951704,,28.14,True,False,False
Veo,57612a56-a658-5871-8594-f8860613acbd,bicycle,39.998768,-82.978276,,5.44,True,False,False
Veo,c22a30d1-9f2c-5157-a0d5-d52115b4fdaa,bicycle,40.005721,-82.983255,,10.51,True,False,False
Veo,c5a5a08e-0488-5023-8351-5374161fbe67,bicycle,40.020884,-83.036467,,25.34,True,False,False
Veo,870d51e9-ae7e-512c-8912-08ed9051aa09,bicycle,39.985131,-83.02849,,11.59,True,False,False
Veo,86d95287-499b-5373-969e-73fb72f376c1,bicycle,39.987858,-83.009307,,6.31,True,False,False
Veo,374b91d1-dd2b-5029-af9a-a4cb5c49cbba,bicycle,39.969525,-83.002084,,28.14,True,False,False
Veo,bab97db7-1516-5a73-9eb7-5d1808096196,bicycle,40.02738,-82.960863,,28.14,True,False,False
Veo,b88c2b16-ca92-5656-a026-50c85cd0f4f3,scooter,40.002169,-83.015729,,28.14,True,False,False
Veo,7843004d-0a0d-5658-b484-f8ba02ce22d9,scooter,39.950463,-82.997911,,15.18,True,False,False
Veo,dbdf7fd2-976f-5295-abcd-f7e5862b72a6,bicycle,39.95755,-83.011009,,26.78,True,False,False
Veo,f4781fa9-4328-5a67-a69b-f141db1fdc49,bicycle,39.998496,-83.038786,,15.18,True,False,False
Veo,d72967fe-e81c-5acc-851e-52100def360a,bicycle,40.012252,-82.970426,,28.14,True,False,False
Veo,000b1244-e900-5b07-b122-8befd068275e,bicycle,39.993603,-82.981119,,28.14,True,False,False
Veo,89ddd169-cfc3-5cb2-8722-085735178a50,bicycle,40.006671,-83.021396,,28.14,True,False,False
Veo,d2b20b16-d898-53d0-b6ed-806dfc7c26aa,scooter,39.987559,-83.015328,,19.05,True,False,False
Veo,0bd7fec7-0c00-53cb-8e5e-d315a97cdd2d,bicycle,39.992577,-83.005572,,14.61,True,False,False
Veo,15c7e47b-d57a-5923-994b-63a4ff1baebd,bicycle,40.017858,-82.966801,,28.14,True,False,False
Veo,312c7097-52a2-5930-bb25-21ad7a3c2e7b,bicycle,40.008417,-83.008982,,18.67,True,False,False
Veo,fee7c898-b288-5819-8ccb-b71a705676fd,bicycle,39.978764,-83.004466,,13.64,True,False,False
Veo,8db7647c-ae60-5adb-b447-f0771b108fc4,scooter,39.963852,-82.976587,,25.34,True,False,False
Veo,f69a8e14-c431-51de-8726-77d4cff5e5d6,scooter,40.004073,-83.027892,,9.02,True,False,False
Veo,410250a9-9ccd-5d75-b466-9ebc337826b7,bicycle,40.002049,-83.008074,,26.78,True,False,False
Veo,e10f5648-d383-5dee-b94c-d1750c14bd79,bicycle,39.943493,-82.97634,,21.77,True,False,False
Veo,c31bd2cd-0199-588f-ba2d-269177d65835,bicycle,39.948278,-82.997781,,27.44,True,False,False
Veo,64cfa8c6-ab12-55eb-9941-1e8bda7dc3d8,scooter,39.998437,-83.039305,,28.14,True,False,False
Veo,28913f5b-0287-5d15-948c-f50a6d526e7a,bicycle,39.983895,-83.017803,,14.61,True,False,False
Veo,b721f95c-7037-540b-aa37-2aeead137d9e,bicycle,40.002104,-83.012471,,26.51,True,False,False
Veo,7b4a68f9-4614-5b80-b95f-1a13f1f4f38a,bicycle,40.007848,-82.967499,,25.65,True,False,False
Veo,d43358f7-b2ed-5ec8-811d-dd72be2aaa95,scooter,39.971636,-83.003227,,28.14,True,False,False
Veo,1138ad4c-3839-5bc2-accf-ba3c7c11c538,bicycle,39.948258,-82.997828,,13.86,True,False,False
Veo,639f8e98-6880-5196-8ed6-d227bf036fc5,bicycle,39.957785,-83.006076,,15.89,True,False,False
Veo,5f972e7d-1763-5ba8-a232-714656f3270a,scooter,39.982497,-82.966968,,25.34,True,False,False
Veo,d9578cf3-3251-5253-b509-081d8d42a4e5,bicycle,40.00445,-83.011258,,28.14,True,False,False
Veo,305a4764-4b9a-5ff1-a4e2-0f9601580e2d,bicycle,40.102779,-83.041002,,28.14,True,False,False
Veo,e2123b70-8659-5116-9cf8-c454197ab554,bicycle,39.940429,-83.062204,,23.33,True,False,False
Veo,8144d08e-028c-5025-8b9e-693c989ca87f,bicycle,40.003876,-83.01295,,19.39,True,False,False
Veo,4143bbcd-646b-504e-84d0-471db6832c12,bicycle,40.006215,-83.012435,,1.83,True,False,False
Veo,bd96ba52-f87b-5965-8824-da2722d489b7,bicycle,40.002006,-83.001159,,22.39,True,False,False
Veo,69a92b53-229b-5d72-a41d-ee86eb4af067,bicycle,40.061356,-83.000607,,22.7,True,False,False
Veo,490d5e68-9986-504c-97cd-73a7405cd054,bicycle,40.001064,-83.008491,,26.25,True,False,False
Veo,a17258a8-508a-5821-a05d-f34c10ea6775,bicycle,40.032361,-82.97318,,24.33,False,True,False
Veo,6841a378-88ad-5aeb-b5e6-0ceb1a2b5962,scooter,40.040806,-82.944099,,14.61,True,False,False
Veo,1b959a7d-a2f0-52fe-8b77-1c13fa54abc1,bicycle,40.037961,-82.969819,,14.17,True,False,False
Veo,39fb8fb7-a38c-55d1-8fb3-453c201a2311,bicycle,40.024621,-83.034497,,13.1,True,False,False
Veo,ed94f5d7-ca57-56e4-ad47-9e9eae11ab4e,bicycle,39.96576,-82.913896,,16.39,False,False,True
Veo,fbfc106c-57a4-5635-a71b-224de67e3e08,bicycle,40.00976,-83.015953,,13.39,True,False,False
Veo,3422f100-3f73-5a1c-99ad-baad2dec6ebd,bicycle,40.003007,-83.02613,,6.07,True,False,False
Veo,db344e07-13ef-554c-9a50-223e76618b14,bicycle,40.054295,-83.055142,,23.02,True,False,False
Veo,d5527e30-192c-5822-a8ab-04b67af3e9b0,bicycle,39.974373,-82.999531,,25.94,True,False,False
Veo,e59ff69e-6e3f-540e-84d5-f447baaff0c2,bicycle,39.999376,-83.001044,,28.14,True,False,False
Veo,5512d9d0-076e-59e8-a0ff-c269c4e11591,bicycle,39.962489,-83.001767,,14.61,True,False,False
Veo,c18caf44-7e1b-52ad-ae79-3817e4374c43,bicycle,39.972374,-82.977577,,25.94,True,False,False
Veo,2cdd6019-41d1-5ee8-bc4b-7c14474cc6dc,bicycle,39.956309,-82.977779,,24.33,True,False,False
Veo,b18509b7-7b43-51ae-9cb0-baa6ec0cf388,bicycle,39.889446,-82.99631,,27.77,True,False,False
Veo,005d9e20-b93f-57d2-a487-8d651ce6eff0,bicycle,39.95601269882172,-82.9452923219651,,0.0,True,False,False
Veo,bade0631-3062-57c4-ab31-32ebf57ffedd,scooter,40.001224,-83.015347,,22.7,True,False,False
Veo,ec4e8dfa-fde2-5fca-9a3f-76835203fd5b,scooter,40.017719,-82.933862,,27.02,True,False,False
Veo,a2b80901-3cd2-51cd-b3da-ed515320fad8,scooter,39.986906,-83.009414,,26.51,True,False,False
Veo,dc06ac39-b8e4-5674-a4ff-a14a787d14d8,scooter,39.993140000000004,-82.98224333333334,,28.14,False,False,True
Veo,922e719e-51ae-5ba4-840c-e397efc0175a,scooter,39.968053,-83.008805,,28.14,True,False,False
Veo,dff4c850-5817-55d4-a3b3-0137e353c7a1,scooter,39.999678,-83.021421,,9.29,True,False,False
Veo,28775154-ed24-522f-b3dd-a57b222f19fa,scooter,40.101177,-83.10883,,14.43,True,False,False
Veo,c317fcec-1ea9-590e-a86d-b5465d132561,scooter,40.015506,-83.031711,,8.43,True,False,False
Veo,b9e2bc3e-a3fe-56a4-ae2a-84300cb091b1,scooter,39.998088,-83.009572,,27.77,True,False,False
Veo,b304a2e8-ff5e-5679-a03a-c4823b3e63dc,scooter,40.004573,-83.013442,,25.94,True,False,False
Veo,7c190b55-a215-51e1-bc89-cc7b2832349e,scooter,39.947546,-83.049276,,28.14,True,False,False
Veo,f80a1674-6449-5b69-bcf1-c2df6ce19c01,scooter,40.05178,-83.029786,,12.87,True,False,False
Veo,f5a55e0a-8019-5fbb-8e2b-2b2c232a791a,scooter,39.993218,-83.020071,,25.74,True,False,False
Veo,85c60c46-249f-5ec0-a758-9f2e98f28873,scooter,39.993468,-83.004751,,28.14,True,False,False
Veo,19d02b10-87ff-5d96-bee9-97d2e8b64c78,scooter,40.000272,-83.018017,,19.78,True,False,False
Veo,96448195-6704-5f36-8bed-4858e9764abf,scooter,40.001121,-83.014638,,18.19,True,False,False
Veo,23b4a9ea-c754-5afe-b777-b102a402bd3e,scooter,39.998203,-83.009739,,28.14,True,False,False
Veo,6a393d5b-be66-5764-a1b8-20d87ba90615,scooter,40.000289,-83.017994,,24.06,True,False,False
Veo,0016e02a-38ad-5ff7-845a-8581962760d5,scooter,39.968971,-82.981294,,20.05,False,False,True
Veo,96008f7e-2728-53e7-afe2-0e4a86dfa1d5,scooter,39.969721,-82.969256,,22.7,True,False,False
Veo,121a81a7-a99e-529d-8aff-b36025b22798,scooter,39.955973,-83.003146,,13.39,True,False,False
Veo,940c7afa-d284-5a7d-a41f-312aa92093df,scooter,40.000929,-83.014039,,27.18,True,False,False
Veo,686734c3-f50a-5497-84d6-5e57affe3151,scooter,39.989429,-83.003337,,14.61,True,False,False
Veo,9d7fab6f-4d7c-51a9-a711-1a963e6b1edf,scooter,40.001699,-83.015549,,28.14,True,False,False
Veo,1a1f510e-8e4a-5c2a-8ad0-9bd8f305578b,scooter,39.993343,-83.003695,,16.84,True,False,False
Veo,e6725143-a27d-5d1f-96e6-1cc5584f5d49,scooter,40.007754,-83.005233,,28.14,True,False,False
Veo,2d85e4d8-6933-53eb-8c34-18463c6fd86e,scooter,39.957438,-83.011384,,28.14,True,False,False
Veo,fb9b7a37-08f0-5913-91c7-ec75d6ef4472,scooter,40.013644,-83.008092,,25.34,True,False,False
Veo,7adf62e5-22bc-5bb2-821e-c950767cb4c3,scooter,40.009264,-83.011463,,19.05,True,False,False
Veo,3bce18a5-2d14-59b0-b9d4-ef93eebbbf25,scooter,40.00202,-83.016448,,25.34,True,False,False
Veo,fc10d4ed-c045-545e-b8dc-df4ee5b629b9,scooter,40.000958,-83.014222,,13.39,True,False,False
Veo,ca860247-a475-52bd-917d-061580db1656,scooter,39.995387,-83.030897,,25.12,True,False,False
Veo,d858a283-c69e-5307-829f-73d4df88ddc8,scooter,39.950273,-82.98268,,22.7,False,False,True
Veo,c2a5644e-7fee-5e0f-8db9-d6f2befb034b,scooter,40.00025,-83.017948,,26.78,True,False,False
Veo,2221b7fd-9343-5ac4-a746-d6cd21dee57d,scooter,40.005484,-83.01136,,24.06,True,False,False
Veo,6e420c0f-ca9a-5f5b-bccd-6844112b992f,scooter,39.883162,-82.988498,,27.44,True,False,False
Veo,d0014dcb-4cc7-59f6-9fc5-8c18f722c585,scooter,39.974664,-82.998167,,15.18,True,False,False
Veo,3dbc8881-37a9-58ae-8ba2-dd9167e409d1,scooter,39.96189,-82.98181,,12.28,True,False,False
Veo,dbca8c54-2ce7-5ef2-ac06-4858ed9cdbaa,scooter,39.959234,-83.005158,,25.74,True,False,False
Veo,021762a5-fb20-5879-9100-58ee9a26c6dd,scooter,39.977494,-83.0026,,14.61,True,False,False
Veo,183a9ed0-7785-50f8-a5d6-d6f1f553d986,scooter,39.957782,-82.967002,,26.25,True,False,False
Veo,765a495b-bbc1-56e2-8197-4744723427be,scooter,39.959458,-83.005106,,25.65,True,False,False
Veo,ca834deb-e3ac-50c5-b64b-5d2b4c667a11,scooter,39.978698,-83.004475,,27.02,True,False,False
Veo,dfb7b57f-c7fd-577c-a8fd-06fec97b2084,scooter,40.007722,-83.014053,,25.34,True,False,False
Veo,af52ec2f-3a70-594e-a875-4311540fff74,scooter,40.017012,-82.969663,,25.12,True,False,False
Veo,9fb0e3fb-3c74-54b3-ab60-3c724c55ef13,scooter,40.003883,-83.008846,,21.15,True,False,False
Veo,de411099-a215-50da-a96c-ef98e5adef45,scooter,40.000234,-83.01796,,17.89,True,False,False
Veo,ca74a5c0-cc08-5fca-9444-6168411c3ae4,scooter,40.000728,-83.018005,,28.14,True,False,False
Veo,49f985f4-6ecb-5960-bb54-869ab49dadc7,scooter,40.00594,-83.025923,,22.7,True,False,False
Veo,e1a4abe9-77d2-5873-9cb9-5e2ebcf07c4b,scooter,39.967659,-83.013407,,22.39,True,False,False
Veo,6d2791af-17ce-5523-a730-457653de93f9,scooter,39.978891,-83.004296,,24.06,True,False,False
Veo,bd4fe734-2d09-554d-8084-e03aa85d0f01,scooter,39.974272,-83.02295,,28.01,True,False,False
Veo,e8e2bcef-d960-501a-89b6-af6545819fc4,scooter,40.002076,-83.013477,,28.14,True,False,False
Veo,9e40d878-96d3-5e12-9009-c1856341d992,scooter,39.94399,-83.072011,,21.77,True,False,False
Veo,53649e58-5ebe-55f5-847a-d5d0709b21f5,scooter,39.999927,-83.003854,,14.17,True,False,False
Veo,f226f06f-f7f8-5ab2-b878-3075fe115b8f,scooter,39.97879,-83.004502,,17.89,True,False,False
Veo,eb8a4d8b-8dfd-50c9-9c0c-5f457e20a232,scooter,40.009427,-82.983166,,8.78,True,False,False
Veo,3b449c08-2d24-547e-a670-6bfd834e9e68,scooter,39.957462,-83.01137,,24.06,True,False,False
Veo,6e58b4b0-5189-5079-931d-29d9a787ec9a,scooter,39.996665,-83.002471,,24.06,True,False,False
Veo,0cb3f2c3-1ed6-52fa-957f-c0cc2af7b949,scooter,39.959684,-82.977478,,10.79,True,False,False
Veo,ac050fca-9638-5bd5-9210-d2c527dcf733,scooter,39.991962,-83.009966,,26.78,True,False,False
Veo,28a7751f-585c-5c8d-bb47-e4b33ce208cf,scooter,39.97400504143289,-82.97935550527527,,22.7,True,False,False
Veo,6dd3ed86-f123-5440-9d2f-df0a089f3419,scooter,39.960794,-82.988565,,20.05,True,False,False
Veo,7c5ac938-df16-5000-ae15-e627df7504d8,scooter,40.000955,-83.014215,,15.18,True,False,False
Veo,a83c08a6-8bbc-585b-9181-31ac3f6a9dd0,scooter,39.984187,-83.003016,,28.14,True,False,False
Veo,eac9a278-2b35-5769-8d7f-376b79db7d36,scooter,40.019806,-83.00722,,28.14,True,False,False
Veo,05668428-b3eb-5d22-9d18-99c9b58a75a2,scooter,40.002196,-83.016289,,28.14,True,False,False
Veo,b76a2696-ba34-57d1-87cd-b93226eff7a0,scooter,40.001784,-83.010405,,27.44,True,False,False
Veo,1dcf3404-f7ba-5cd2-a941-5fa958fe99df,scooter,40.002173,-83.003112,,12.28,True,False,False
Veo,690fc33d-2dec-5187-b6c1-be6d488a0e57,scooter,40.007193,-83.004853,,24.06,True,False,False
Veo,177ffc8d-b991-5249-afcc-a454181e1b66,scooter,39.967611,-83.013413,,22.39,True,False,False
Veo,b8461796-0fde-5323-a8a2-3611d0c47587,scooter,39.999756,-83.002606,,28.14,True,False,False
Veo,715b37ec-57b4-58fb-a72a-e0986486b757,scooter,39.968042,-83.008776,,24.33,True,False,False
Veo,79f7a766-214c-569c-896f-3737b353d335,scooter,40.001024,-83.013906,,25.34,True,False,False
Veo,e7581f11-b6f2-55dd-912e-d3af9d79d3ed,scooter,40.017676,-83.031239,,27.02,True,False,False
Veo,6037cb0b-cc3e-5bce-bd80-b198560e7bc4,scooter,39.960018,-82.991041,,6.67,True,False,False
Veo,db51f683-aae0-58bf-aec8-a7795e369cd7,scooter,39.976356,-83.010846,,28.14,True,False,False
Veo,5d66e657-533d-5bd9-8652-6c9e6bac8e69,scooter,39.957582,-83.011821,,25.94,True,False,False
Veo,89abd647-40d9-5e3a-98b8-d05e24a341b8,scooter,39.992321,-83.032534,,16.39,True,False,False
Veo,08517f1e-9cd1-52d6-b98b-cb02d04854a1,scooter,39.997137,-83.01591,,25.65,True,False,False
Veo,3e47ffaf-873a-513e-b164-a4a978ec4d0c,scooter,39.986402,-83.029332,,18.67,True,False,False
Veo,a18efc1a-f8b1-5042-8c1f-3f415b519fa1,scooter,40.000309,-83.01808,,14.86,True,False,False
Veo,2ceac4a7-890a-5324-bdb8-646856837068,bicycle,39.997113,-83.016361,,12.07,True,False,False
Veo,e2ecee86-f2a9-52ea-8af9-ddf4ae6e8c55,bicycle,39.984214,-83.003006,,11.83,False,True,False
Veo,6f04a963-9152-5818-9f0e-b080a91f9c03,bicycle,39.933199,-82.982596,,27.77,True,False,False
Veo,3001b095-c29a-5594-b69d-7fb7909d09ec,bicycle,40.000248,-83.016523,,28.14,True,False,False
Veo,57d93977-ed40-5a36-82c9-cc8dc9933317,bicycle,39.97788,-82.994848,,2.55,True,False,False
Veo,625c286b-a3b8-587b-8abf-450ae4f7e62c,bicycle,40.01239,-83.026508,,14.17,True,False,False
Veo,21d93ce5-6717-54cb-842b-48352b3c2540,bicycle,39.955916,-83.003131,,26.51,True,False,False
Veo,97334be2-e831-5ee5-9fbf-8bbc7a91e649,bicycle,39.998251,-83.021917,,27.77,True,False,False
Veo,64b45f2c-aa53-5187-a28c-47a39eb27fce,bicycle,39.994184,-82.983536,,3.81,True,False,False
Veo,9864e881-99f3-5b2b-9f7c-515dd95f1335,bicycle,39.944511,-82.989704,,28.14,True,False,False
Veo,8fdb081a-b99c-5180-9561-afe992e579d9,bicycle,40.000897,-83.007377,,8.09,True,False,False
Veo,1c026eea-c776-5c0e-a3a1-c8a992fdebec,bicycle,40.015949,-83.00942,,27.44,True,False,False
Veo,b3598ff0-308e-5543-9f5b-bb62e11102bd,bicycle,39.973611,-83.005165,,12.28,True,False,False
Veo,cad29985-d85e-5acc-a82c-89ada39a65c0,bicycle,39.950994,-83.058842,,25.12,True,False,False
Veo,7edfda92-af3a-5f7e-93f4-0f1a599870e9,bicycle,39.996569,-83.009402,,3.48,True,False,False
Veo,3c3e2310-1ca8-588e-85e3-70221adb7303,bicycle,39.944407,-82.886604,,28.14,True,False,False
Veo,92a3f255-f382-5110-8e6b-f9c36f1991d4,bicycle,39.997591,-82.999855,,23.02,True,False,False
Veo,04276c8c-6ad4-5125-a888-94ff07166694,bicycle,40.001778,-83.014638,,22.05,True,False,False
Veo,d311f5d1-d3ab-5c01-a7d5-5578f2e4c86e,bicycle,39.946524,-82.994956,,26.25,True,False,False
Veo,1b5e8ab4-64c3-5828-8eee-202091936c2d,bicycle,39.997133,-83.00753,,7.29,True,False,False
Veo,0237f2a1-30eb-50e2-b8e8-59c4932c95d6,bicycle,40.095922,-83.085355,,25.34,True,False,False
Veo,61f77865-d260-51dd-af82-d7326ab69dbd,bicycle,40.025224,-83.0343,,24.33,True,False,False
Veo,eb785f94-d253-52ed-9c4a-382b953c5088,bicycle,40.002822,-83.014527,,28.14,True,False,False
Veo,c8d471b9-2c11-5f4d-b81d-ddc6f44953b0,bicycle,39.942398,-83.118489,,13.64,True,False,False
Veo,3f45534d-7607-5e55-8017-51e7fe283a4e,bicycle,39.946628,-83.058552,,5.03,True,False,False
Veo,33200489-c6eb-5810-863a-12954eab6774,bicycle,39.946482,-83.057544,,27.44,True,False,False
Veo,86168402-fac8-54d1-a4de-04477b6f0322,bicycle,39.9718,-82.976324,,23.02,True,False,False
Veo,50ceb813-144e-57aa-8030-db5e67a30441,bicycle,40.012001,-82.968594,,1.15,True,False,False
Veo,909784d5-cac5-51d5-b531-ea45a62bf7b0,bicycle,39.935976,-82.988875,,28.14,True,False,False
Veo,d299ac61-f6b6-5d48-826a-7310fbcb8d0c,bicycle,40.0011,-83.008341,,27.02,True,False,False
Veo,aad87fec-3473-518f-b0e0-716d9d535980,bicycle,40.033688,-83.016514,,25.12,True,False,False
Veo,c18ce8b5-e96d-5b47-826b-b974cb58b55b,bicycle,40.009695,-83.009416,,23.02,True,False,False
Veo,26a32c24-4043-581f-b992-9444c0f613b4,bicycle,40.096119,-82.954558,,27.02,True,False,False
Veo,23a54fc2-77a9-5098-923a-d438cd7191ed,bicycle,39.998154,-83.009694,,17.89,True,False,False
Veo,c2fe4d8f-4cb4-599f-bc4c-69219856091b,bicycle,39.999982,-83.004643,,15.89,True,False,False
Veo,09e4ae55-cbab-5ecf-afe4-ce0d08e9020f,bicycle,39.997234,-82.983586,,24.84,True,False,False
Veo,6ae83334-18e7-521f-a898-63ee1a1b3f42,bicycle,39.926237,-82.966718,,8.78,True,False,False
Veo,4624d948-2c1b-5012-a4b7-2b906c6bca86,bicycle,40.00177,-83.01385,,24.33,True,False,False
Veo,e87d6395-ec2e-5763-8131-84042dc3abce,bicycle,39.990346,-83.01251,,11.34,True,False,False
Veo,17a156dc-3228-5acc-ab7c-4f6a2eb9ba8d,bicycle,40.000841,-82.9786,,16.39,True,False,False
Veo,881bef32-f6a2-59d9-bb02-c7202db78850,bicycle,39.96514,-82.999319,,27.02,True,False,False
Veo,c59fc3ac-d331-52e8-b705-08d0b2a47134,bicycle,40.017978,-82.946332,,12.52,True,False,False
Veo,8bd2434e-9aa3-5ad4-b2c9-ba372a9c462e,bicycle,39.908127,-82.955692,,1.15,True,False,False
Veo,d6c566e0-edea-5066-867f-190934ddb7c0,bicycle,39.908662,-83.045306,,16.84,True,False,False
Veo,2216b663-e483-530a-b73f-35edbfdb1f54,bicycle,39.94825,-82.99774,,28.14,True,False,False
Veo,9b6c7e65-df8d-5b03-ae7b-915ca57a0514,bicycle,40.00256,-83.008382,,16.84,True,False,False
Veo,9528940f-e08f-5654-b1df-8b7685094b15,bicycle,39.948263,-82.997797,,14.86,True,False,False
Veo,276b92e8-5331-5e81-b60f-8885f3ba8403,bicycle,40.007104,-83.002828,,9.02,True,False,False
Veo,1676c6c1-bf56-5e38-89f7-573402a3c658,bicycle,39.954883,-82.974098,,14.61,True,False,False
Veo,6caa7285-6788-53db-993c-010d675f335c,bicycle,39.949528,-82.995349,,19.05,True,False,False
Veo,7fe42c5c-10a5-5cc1-981f-a92356bbce71,bicycle,39.944526,-82.989727,,27.77,True,False,False
Veo,8cbcb639-33d3-5cc0-96c1-d45fd4d85eda,bicycle,39.996318,-83.017505,,10.51,True,False,False
Veo,9d309c8b-0d51-5b06-9de5-b49ed4fb36e3,bicycle,40.008192,-83.000006,,15.89,True,False,False
Veo,d4261277-b890-5cfa-82b8-6f06669f57c5,bicycle,39.943345,-83.002034,,4.19,True,False,False
Veo,ae7a3e9b-0561-5b7f-a98c-fe4dd2f7d0e4,bicycle,40.000381,-83.01793,,14.86,True,False,False
Veo,5e4732d8-60b6-5dfb-bee1-2186a102a6fd,bicycle,40.007759,-83.009686,,19.05,True,False,False
Veo,cefc7564-c96c-5af6-8b97-3d038c3e4f10,bicycle,39.999621,-82.974895,,15.45,True,False,False
Veo,6b063c79-ca5e-5cb5-94f3-8b90cfbbd1e6,bicycle,40.005561,-83.010536,,21.15,True,False,False
Veo,78b222bf-7143-523e-bdf9-5b56b2b74c16,bicycle,39.943509,-82.996227,,25.65,True,False,False
Veo,f39c3c5a-72f0-5e80-ba9f-b4330a95f1f0,bicycle,39.994977,-83.016905,,3.13,True,False,False
Veo,dbb66a09-06ed-5f98-bdf0-8680ebd9f60a,bicycle,39.951053,-82.998604,,9.29,True,False,False
Veo,3bad0edb-4820-588a-b830-d965ca7b5d8a,bicycle,39.994148,-83.021645,,4.92,True,False,False
Veo,51ea9ab2-1a96-549d-965a-1eea7411e4b2,bicycle,39.949501,-82.995339,,28.14,True,False,False
Veo,9445f82a-19be-5567-b413-b44653420cba,bicycle,39.951636,-83.07483,,6.67,True,False,False
Veo,a20b0f78-2bc1-577e-b3f6-cad11b86805f,bicycle,39.959124,-83.009893,,25.65,True,False,False
Veo,c3df950e-7082-531e-84a7-5775c65a1ba6,bicycle,39.956001,-82.945259,,25.74,True,False,False
Veo,bf709b03-8477-5a40-b8a0-19a29fc5ec24,bicycle,40.006438,-82.973025,,19.39,True,False,False
Veo,7ee7f4df-0d4b-5a44-babb-edc1d04c5df7,bicycle,39.95861,-83.00189,,25.65,True,False,False
Veo,df3d7d30-e4f8-5dc8-8c65-f2fda07eeaf4,scooter,39.983733,-83.001223,,8.43,True,False,False
Veo,105e6932-e7a1-544e-b592-ba5a660d2d38,bicycle,39.998574,-82.982426,,24.84,True,False,False
Veo,6dc8596e-7080-5939-a95f-1277b89ad83a,bicycle,40.023020596381116,-83.08552829639605,,21.49,False,True,False
Veo,0871b206-e97c-5037-ad8e-5bb297875e28,bicycle,39.937591,-82.959638,,23.77,True,False,False
Veo,3a69c14e-110a-53e0-a103-0763072b292f,bicycle,40.054853,-82.957856,,14.43,True,False,False
Veo,8feed06b-e4a6-5609-adda-24bc6269fc5c,scooter,39.973858,-83.002766,,26.78,True,False,False
Veo,93f55631-f799-560c-8f7a-3158fc96cedb,bicycle,39.998,-83.015235,,19.78,False,True,False
Veo,265502ea-5f70-5fa8-9699-fa560343dd4b,bicycle,39.95602728333324,-82.94522057287395,,0.0,True,False,False
Veo,a7c93be4-250b-5fd4-95f2-76802af35e1c,bicycle,40.000515,-83.022198,,27.02,True,False,False
Veo,48a38d94-1f5e-5e07-82fe-4cbf919252e9,bicycle,39.925082,-83.05803,,14.43,True,False,False
Veo,138031dc-e2f1-5c2e-8129-0ca936f65c0b,bicycle,40.015042,-82.999263,,17.89,True,False,False
Veo,b92c99b7-06bf-51a5-8690-aff16429caee,bicycle,40.005809,-83.020643,,14.86,True,False,False
Veo,728cfa8f-10b9-5d8a-b161-071a65c281f1,bicycle,40.003555,-83.01885,,13.86,True,False,False
Veo,756a35f6-29f7-5d79-945a-8bbc82afb746,bicycle,40.007724,-83.009226,,25.12,True,False,False
Veo,5681265e-dcc3-55ae-8d87-6ed454f4bc3f,bicycle,39.961362,-83.002298,,24.84,True,False,False
Veo,0d67f3a0-f485-540a-ab6b-80389f69c2b8,bicycle,40.001492,-83.048204,,26.78,True,False,False
Veo,b10d97eb-2fae-5b1a-a930-a17bbfb0472d,scooter,39.94091,-82.990472,,28.14,True,False,False
Veo,3bb0ba98-a766-5ad7-8980-ce7770c806f1,bicycle,40.01802,-82.94562,,27.18,True,False,False
Veo,919ee35a-7df6-5ff7-a454-e88da956cd72,bicycle,39.930964,-83.035679,,24.84,True,False,False
Veo,36a8a4be-c377-5434-90a3-3292fd5ef053,bicycle,40.003784,-83.012923,,18.19,True,False,False
Veo,cfaaa719-407b-5b54-a015-ccea090e5cc0,scooter,39.993945,-82.983365,,9.65,True,False,False
Veo,80eb8d45-16b6-5cc3-8f6f-9f4785be2990,scooter,40.013796,-83.007351,,20.05,True,False,False
Veo,8cbd1aca-e988-5148-8076-8e4fa363f10e,bicycle,39.991535,-83.005863,,19.39,True,False,False
Veo,bce3196d-e764-5e8a-8711-1274fe7d9387,bicycle,39.955155,-83.018755,,15.89,True,False,False
Veo,b72e1d2c-1154-5193-8856-ef10a72c12ba,bicycle,39.99476,-83.007711,,28.14,True,False,False
Veo,3524cc3b-9f74-50e2-b946-eef672ddea06,bicycle,39.990742,-83.026091,,13.1,True,False,False
Veo,ec4fff34-4ca6-5626-9bca-ea6a1671ac17,bicycle,40.001413,-83.003945,,14.43,True,False,False
Veo,a91a308f-fb07-580e-b882-fc6ac2996702,bicycle,39.993968,-82.983269,,13.86,True,False,False
Veo,a3b786b2-b782-5648-9a0c-d924113344ca,bicycle,39.942196,-82.995735,,28.14,True,False,False
Veo,04a24990-479e-50f5-ba2e-2ab5e8099783,bicycle,40.055943,-83.000315,,1.15,True,False,False
Veo,98f6bea1-8f68-51a1-845d-06250f071997,bicycle,40.006492,-83.006306,,28.14,True,False,False
Veo,78bb3c3f-5159-559e-bd8b-99efe1109aae,bicycle,39.908674,-83.045359,,28.14,True,False,False
Veo,f8e56f7b-a9b2-5af3-bb2f-0ad452ac4ebf,bicycle,40.007073,-83.00363,,14.43,True,False,False
Veo,f539e32b-0f7f-5cde-ba97-f0ab0f98d53b,bicycle,39.998189,-83.009701,,27.18,True,False,False
Veo,70a200e2-5caa-5bf7-88cb-a863d85db6e9,bicycle,40.00168,-82.996431,,26.51,True,False,False
Veo,b34b1613-5154-5fcb-a7d3-7a3d7f140f06,scooter,39.901593,-83.043401,,28.14,True,False,False
Veo,c5bd7842-39cb-5e92-9c7e-0f3653cd7d2d,scooter,39.97882,-83.014471,,28.14,True,False,False
Veo,f8f8fd4f-6d18-57c4-a344-2a426790fc97,scooter,40.015836,-83.030568,,27.77,True,False,False
Veo,973cd7cc-9f49-5397-a0dd-94610af6717b,scooter,40.000979,-83.014209,,14.86,True,False,False
Veo,86224ef9-83e4-5417-b810-63e731a32b1b,scooter,40.001775,-83.015668,,24.84,True,False,False
Veo,7c3c7df2-cda7-5dd7-9e12-06b809a0c669,scooter,40.008105,-83.010359,,6.98,True,False,False
Veo,575453c0-be6a-54fc-bb4e-27d3fa67f34b,scooter,40.006861,-82.977175,,8.43,True,False,False
Veo,3517d615-d23a-50cf-90bb-c7563602b803,scooter,40.001793,-83.014598,,24.84,True,False,False
Veo,f2fc74ed-043e-5900-a207-fd028406b440,scooter,39.974732,-82.998076,,15.89,True,False,False
Veo,61338cac-0727-5cd3-97f6-f9abf9ebdba0,scooter,40.00639,-83.016831,,28.14,False,True,False
Veo,615276e0-9012-53c1-9c14-55988688f17d,scooter,39.969066,-83.00384,,25.34,True,False,False
Veo,021bb884-bb3a-5bd9-a444-9988ecf0805d,scooter,39.999516,-83.009451,,25.94,True,False,False
Veo,9b4642b9-1d0e-5621-9b5b-07a28907d710,scooter,40.010761,-83.010219,,25.12,True,False,False
Veo,5de5b2f6-a876-55d0-9069-cf756b8b98bb,scooter,40.002267,-83.015425,,26.25,True,False,False
Veo,1b448006-260c-5a0a-93d9-eb741675b3fd,scooter,40.009393,-83.026765,,19.39,True,False,False
Veo,d980a7b2-f372-5ea2-892d-4771c69b9a0f,scooter,40.000179,-83.016558,,14.61,True,False,False
Veo,94a202d0-1e3c-5447-bee6-5a2a41f7ba89,scooter,40.001942,-83.013939,,28.14,True,False,False
Veo,a2311760-e4b9-5d63-b653-1802299c39af,scooter,39.957414,-83.011403,,28.14,True,False,False
Veo,20bc63eb-bdc9-5ccd-a1b1-05dfbeb38722,scooter,39.94261166666667,-83.07200333333334,,12.07,True,False,False
Veo,b258958f-14fb-51a4-937e-e2dd9471e0be,scooter,40.113676,-83.124446,,24.84,True,False,False
Veo,07e98600-9693-521e-924b-d8ecb2b53cb1,scooter,39.970886,-83.000928,,28.14,True,False,False
Veo,a000543e-21d1-53f7-a3ba-46adafdcbae9,scooter,39.973013,-82.969191,,26.78,True,False,False
Veo,125fecd1-612e-5432-bed7-9f5bfb7981f0,scooter,39.996894,-83.013636,,28.14,True,False,False
Veo,ea3766bb-9b69-5871-b7bc-49b08abd0536,scooter,40.100757,-83.11537,,24.33,True,False,False
Veo,4ae19a65-5991-5d71-9b2e-8a925557aac0,scooter,39.963312,-82.953244,,13.64,True,False,False
Veo,1f54b7ae-c910-5004-a3d8-d3e0d6ad7a52,scooter,39.995538,-83.002726,,9.97,True,False,False
Veo,717bc4bc-8f9f-5796-a349-1d985f443bb0,scooter,40.000275,-83.017972,,28.14,True,False,False
Veo,4865990e-7187-5c43-8ec0-889974ee1da4,scooter,39.958796,-82.999833,,22.05,True,False,False
Veo,dcc03c04-22b9-5bcd-bf26-b3052f784ec3,scooter,39.946607,-83.05855,,28.14,True,False,False
Veo,d7dd6efc-ecf1-5413-a96d-c7f9ca6ff68a,scooter,39.961744,-83.013078,,27.44,True,False,False
Veo,d349b3c5-02c3-5d04-8ed5-8f474c0d1478,scooter,39.95745,-83.011282,,28.14,True,False,False
Veo,043ac9d3-bccb-589c-a487-dbe41d1e1f09,scooter,39.957786,-83.006092,,20.37,True,False,False
Veo,c859d544-0070-534b-948d-b0b1b63ed01c,scooter,39.993671,-83.021063,,28.14,True,False,False
Veo,c0d3eb28-b531-5d18-8e1d-80ef44186cef,scooter,39.956121,-83.01432,,12.28,True,False,False
Veo,d32a54de-3d54-5efb-80a0-61ea8d20b268,scooter,40.025283,-83.024963,,15.89,True,False,False
Veo,484cb5c0-5c98-5e65-bba4-56edb7eb265c,scooter,39.957869,-82.986135,,24.06,True,False,False
Veo,6e87e619-3de0-5ab7-89f5-1196e6b22492,scooter,40.002461,-83.016576,,13.86,True,False,False
Veo,9c6e9289-1d18-576e-9c9a-94687471b5d7,scooter,39.993617,-83.021628,,13.86,True,False,False
Veo,6e010394-696a-52c6-993b-d6d2f6b901f4,scooter,39.963122,-83.004253,,25.74,True,False,False
Veo,9fe96062-b7ee-5284-bb2a-0ec08b3d9227,scooter,39.944696,-83.016527,,9.02,True,False,False
Veo,e6f70c5e-0cd9-5195-8031-6d2daab1012a,scooter,40.024201,-83.013727,,22.05,True,False,False
Veo,5eb100f7-82e6-5205-8ebe-3a815fa1991a,scooter,40.002295,-83.009819,,23.02,True,False,False
Veo,a1b21bd4-3b8b-5a84-b4e9-880eca7d5f4c,scooter,39.956765,-82.98655,,8.09,True,False,False
Veo,2bcb4474-a984-51e2-a9ff-efb648cbc6c0,scooter,39.949696,-83.021676,,25.74,True,False,False
Veo,fa3cdc58-b052-57b6-895d-a3e32f1a816e,scooter,40.00001,-83.017929,,28.14,True,False,False
Veo,aeaea722-fe7f-5531-90e1-86e0db795145,scooter,39.976378,-83.01086,,21.15,True,False,False
Veo,4983901c-41f7-587a-8703-e110f6dcf680,scooter,40.031287,-83.026652,,11.34,True,False,False
Veo,875d9b67-e13c-5424-8fdd-8a54b411b68a,scooter,39.95418,-83.013739,,18.67,True,False,False
Veo,8d7398e2-2889-5b07-bfba-1c5d8058cc9c,scooter,39.96479,-83.000336,,20.37,True,False,False
Veo,41e6189a-1a4a-518e-902a-0b8ff733c62a,scooter,40.0337,-83.016531,,28.14,True,False,False
Veo,f2b124f5-7aae-57a9-a755-1e9a5c8c2ace,scooter,39.973491,-83.002753,,25.74,True,False,False
Veo,284fd8b3-1a8e-5e53-a315-769b543766fc,scooter,39.958671,-83.012751,,27.02,True,False,False
Veo,4d0750aa-4d71-5e7e-9509-13c2c14a2e42,scooter,39.999767,-83.016687,,28.01,True,False,False
Veo,32718ef0-8190-5b33-87bf-a360f93e7ead,scooter,39.986907,-83.009433,,28.14,True,False,False
Veo,6c0a8163-bd92-5e45-88a4-136f88be3233,scooter,39.978772,-83.004462,,19.05,True,False,False
Veo,ef61b6bc-dd6b-5e9d-a052-c3d869377e37,scooter,39.993127,-83.008495,,21.15,True,False,False
Veo,c795f29d-a12d-50e8-8cc3-5dfb23f8b0e5,scooter,40.000264,-83.017978,,6.67,True,False,False
Veo,e7471fb2-301f-512c-8291-4dede3e2acb7,scooter,39.946591,-83.000237,,13.1,True,False,False
Veo,eb11d400-1cd8-52d4-b6d2-f16da06667aa,scooter,41.65934,-83.557139,,24.06,True,False,False
Veo,71161338-c5e0-50c3-8f00-bfbf120de331,bicycle,40.096616,-83.077484,,25.34,True,False,False
Veo,9b3c82f1-5cdf-5228-854e-247d98be8037,bicycle,39.945164,-82.949721,,16.39,True,False,False
Veo,4671ac66-fc8a-5ed7-a8f3-bb124ad5ee39,bicycle,40.078871,-82.954608,,22.7,True,False,False
Veo,53685f9a-0fd9-51fb-a5fb-15c7511b2c68,bicycle,39.937497,-82.975464,,15.18,True,False,False
Veo,6cf31d3c-4729-5b8d-a728-74c2927e9594,bicycle,40.003015,-82.998571,,25.94,True,False,False
Veo,c89b4593-2ee3-5fc9-8f58-e444fc477b06,bicycle,39.993153,-82.998996,,15.89,True,False,False
Veo,dbd1c155-4268-5aab-9c6d-ab35b1a1d7c4,bicycle,39.968011,-83.000591,,14.43,True,False,False
Veo,55331cf4-3d64-5bcc-b727-ac7b0306eb4a,bicycle,39.949554,-82.948529,,24.84,True,False,False
Veo,9f5bd0fa-2ad9-5869-bc44-87fc067df07d,bicycle,39.995801,-83.012074,,28.14,True,False,False
Veo,1ec97141-6950-5792-9a4c-5444e2d4933a,bicycle,39.979001,-83.003092,,28.14,True,False,False
Veo,1776538f-0d2c-5d5c-8d32-5d87062e1b5e,bicycle,39.957269,-83.095308,,27.02,True,False,False
Veo,1f4f464e-8a80-5340-816d-a3cc5a895d13,bicycle,40.033032,-83.000531,,10.31,True,False,False
Veo,90e4682c-deaf-5353-90b1-a0976f7a246a,bicycle,40.004657,-82.990139,,28.14,True,False,False
Veo,c38b2076-e6ed-5d44-ba51-dfc65597eb8e,bicycle,39.882814,-82.947102,,25.12,True,False,False
Veo,47e27bf3-6b46-5c46-847e-ba311a8486e2,bicycle,40.012458,-82.993166,,15.18,True,False,False
Veo,5a701765-08b8-5bd1-ab0e-a559e2cc8ce4,bicycle,39.928802,-83.097891,,9.65,True,False,False
Veo,538ef3df-be13-5441-b36f-e0ad831ac2dd,bicycle,39.99932,-83.009937,,28.14,True,False,False
Veo,6da78356-e77f-52f4-a26c-4b18f1b2010e,bicycle,40.00184,-83.010836,,25.65,True,False,False
Veo,69ee658f-9f5c-572a-864c-658cafdb000c,bicycle,40.003772,-83.03114,,24.06,True,False,False
Veo,575b4737-5d4d-5097-a6d3-05f18a054aa0,bicycle,39.954189,-83.013677,,19.05,True,False,False
Veo,2138106d-0ea8-5432-9ea3-9be1f1a64213,bicycle,39.977286,-82.994082,,28.01,True,False,False
Veo,31b4ed8a-36c4-524e-ae3c-74cf1fe3b4d1,bicycle,39.956682,-82.979878,,25.34,True,False,False
Veo,6c964203-a359-5023-933a-12d8e83404d6,bicycle,40.002603,-83.00849,,17.37,True,False,False
Veo,7e66896d-7ec2-59b3-a6f4-04ff6a4a3ccf,bicycle,39.978559,-82.95764,,26.78,True,False,False
Veo,a33cc151-f227-5135-ac44-6527e327954d,bicycle,40.001501,-83.003831,,28.14,True,False,False
Veo,39693a71-b69f-52df-9362-d02560e13534,bicycle,40.004124,-83.00852,,14.86,True,False,False
Veo,48f54a14-9af2-554c-80a8-943d0728bbba,bicycle,40.059138,-82.987344,,28.01,True,False,False
Veo,d749c57f-5bde-5527-93d9-a1d0e9460cfd,bicycle,40.003011,-83.012802,,28.14,True,False,False
Veo,94c480b5-a252-598c-9a0d-b97617b9e059,bicycle,39.960083,-83.012481,,22.7,True,False,False
Veo,7089a339-e469-50df-b1ca-cebb03ea1c5f,bicycle,39.960654,-83.06436,,27.77,True,False,False
Veo,ef83240a-d99f-5d2e-9b05-69f69bb510e3,scooter,39.943988,-83.072022,,25.34,True,False,False
Veo,7ee9dff7-48b8-529b-b62d-285e1f7793eb,bicycle,40.061952,-82.999424,,17.89,True,False,False
Veo,cafa1b25-ff2d-5bb2-bd26-4fca3b3b443e,bicycle,40.017292,-82.969638,,26.25,True,False,False
Veo,80b01210-c3c2-53d3-9b7d-4932c6502785,bicycle,39.979873,-82.997365,,23.02,True,False,False
Veo,c59ba30a-5a03-52b3-affd-327a39a95b3d,bicycle,39.979028,-82.994582,,18.67,True,False,False
Veo,302b13fa-ba2a-5fec-84b6-7b2f00949647,bicycle,39.887678,-83.001323,,25.12,True,False,False
Veo,20b0343b-c0f4-5de6-a7cd-e8a9607a5892,bicycle,39.94649,-83.056344,,28.14,True,False,False
Veo,ec8d51ad-fb5b-5967-a94c-e17b0cf18efa,bicycle,39.984031,-83.006307,,23.77,True,False,False
Veo,dd21d04a-251a-5377-a19c-d6328544643f,bicycle,40.006148,-83.011692,,24.06,True,False,False
Veo,eba3af66-4b15-57dd-8487-41c4651cd89d,bicycle,40.001884,-83.007583,,15.89,True,False,False
Veo,b9227232-2a0f-578b-b05e-64091dae40a8,bicycle,40.005224,-83.01462,,23.77,True,False,False
Veo,8d855486-94bf-555c-ab15-9be0e0d9bb82,bicycle,39.95601269882172,-82.9452923219651,,0.0,True,False,False
Veo,4e84d94a-b97f-5b12-8e0f-fe39dac4b54c,bicycle,40.005686,-83.008012,,15.45,True,False,False
Veo,64ef1838-ea2b-5a89-a30a-4af6c944ff8a,bicycle,39.972714,-83.004505,,24.06,True,False,False
Veo,12bb2d81-7ca0-55e7-8e69-442fba71246f,scooter,40.017432,-83.023592,,24.84,False,True,False
Veo,f798dbef-057c-5319-9532-ff4e43393075,bicycle,39.98563,-82.995395,,25.94,True,False,False
Veo,9163b618-2930-5839-ad4c-212adb8277e0,bicycle,40.00364,-82.975197,,23.77,False,True,False
Veo,57723adc-3d24-5182-952a-dfdce63a8b0d,bicycle,40.106605,-82.964788,,4.92,True,False,False
Veo,a7580402-ebb3-527f-8e65-c33efc3c1504,bicycle,39.956632,-82.98761,,28.14,True,False,False
Veo,b533a97e-754b-59e4-b8d2-a59a3b5a0bc1,bicycle,40.006446,-83.015638,,28.14,True,False,False
Veo,f4c973aa-9d31-51a7-b7eb-7f5c4994701f,bicycle,39.999917,-83.003766,,25.94,True,False,False
Veo,29cfe4e7-3ed6-5792-98fd-933e995e09d8,bicycle,39.996766,-83.014992,,25.74,False,True,False
Veo,10fd94f5-822e-54e5-af00-5b9e57eff060,bicycle,40.010179,-83.026902,,27.18,True,False,False
Veo,8daa8a10-7dbf-5758-9892-f9bf7fd8fce9,bicycle,40.003951,-83.017716,,26.25,True,False,False
Veo,91f62b44-3d20-58c7-9bcc-57b3923af884,bicycle,40.023445,-82.99881,,28.14,True,False,False
Veo,580ecaeb-f7d0-5e1d-89f4-f6d77a46d4bb,bicycle,40.002638,-83.023363,,15.89,True,False,False
Veo,df7ec5c7-7345-5ff9-9c84-6ec5d187ee7d,bicycle,40.065296,-82.962074,,15.89,True,False,False
Veo,6e87f770-bb09-5ae6-a3e5-c5ab0e970b82,bicycle,39.977239,-83.014072,,28.14,True,False,False
Veo,58a363a0-907c-501d-8b15-fafcd19ebdc8,bicycle,39.994721,-83.004054,,24.33,True,False,False
Veo,bb08e6e8-a7e3-54b0-aa1f-20066281b4be,bicycle,39.950126,-83.001309,,28.14,True,False,False
Veo,1c2c2fcc-bc6f-539f-892d-68d4cb67ebb8,bicycle,39.950566,-82.99751,,11.59,True,False,False
Veo,28e4008e-2300-5b91-bf4c-34d5453b11c4,bicycle,39.928697,-82.977811,,23.77,True,False,False
Veo,363bbdda-61b3-55cb-8295-e7112ce35744,bicycle,39.958616,-83.002734,,28.14,True,False,False
Veo,3d8ea173-4f16-5e05-b7a1-53308d0050f9,bicycle,39.995813,-83.020198,,28.14,True,False,False
Veo,fc8974d8-578d-55db-a81f-3ecf3d5d7d1f,bicycle,40.002498,-83.001074,,11.34,True,False,False
Veo,de4a4fb5-e1d6-5d07-9dc7-cc261cd5c951,bicycle,40.001475,-83.003952,,25.74,True,False,False
Veo,31db00c7-8eb0-5940-aec8-4abf3e8beb35,bicycle,40.0536,-83.062912,,28.14,True,False,False
Veo,37652d99-9150-5dd8-a9b8-fbd7ccc86041,bicycle,39.946615,-83.058572,,28.14,True,False,False
Veo,c557e916-73fc-54e2-84df-4410ecb29e7e,bicycle,39.956068,-82.945343,,5.83,True,False,False
Veo,4aa8bd48-fc0c-538d-a829-fbac22475aea,bicycle,39.956581,-82.987589,,8.43,True,False,False
Veo,9f76b69b-fdf7-58bf-be34-f02b7cc77535,bicycle,39.998562,-83.017317,,13.86,True,False,False
Veo,1e2db97c-a821-5e6f-9063-4e88b9360742,bicycle,40.015204,-83.01384,,27.44,True,False,False
Veo,7e6b51b0-2d9c-5652-b49b-771e3ddfcbf3,bicycle,40.062869,-82.907193,,12.63,True,False,False
Veo,f941be71-4d51-5236-8474-e8e8b091c1bc,bicycle,39.935934,-82.988821,,28.14,True,False,False
Veo,94228eca-0d61-5bb9-b1b3-064ab6d5601e,bicycle,39.966345,-82.975191,,27.44,True,False,False
Veo,51179c0c-c1f6-5774-a6a3-ad46db8dede8,bicycle,40.00218,-83.003275,,22.7,True,False,False
Veo,e6a1186a-ca86-5309-8472-960f11de9ad6,bicycle,40.005349,-83.010756,,27.44,True,False,False
Veo,1da33019-928e-5be0-bc4f-181dd976ac46,bicycle,39.951715,-82.941806,,28.14,True,False,False
Veo,fa6e2c3d-1a82-5ab2-8448-39db6d35272f,bicycle,40.065097,-82.974232,,27.77,True,False,False
Veo,547abb6f-cc39-58d7-afab-d8c562135db2,bicycle,39.995793,-83.004054,,26.78,False,True,False
Veo,a35bf62c-faec-5f62-8544-1349ebd2dfe7,bicycle,39.993575,-82.981104,,28.14,True,False,False
Veo,8f6d5e7d-1067-5a5b-ad52-6c744d91f17d,bicycle,39.976884,-82.976076,,28.14,True,False,False
Veo,16d3851a-187f-5bad-b40f-8bd45861b77a,bicycle,39.955987,-82.945285,,23.33,True,False,False
Veo,3cba89db-a7d5-5b44-b106-101b39fed7bf,bicycle,39.977198,-82.99483,,28.14,True,False,False
Veo,ca28b4cf-b567-57b6-a7c0-de7ca158fde5,bicycle,39.98768,-83.022814,,18.67,True,False,False
Veo,3aa11735-acaa-5619-87ba-fa81c36d2c2a,bicycle,40.002997,-83.013409,,28.14,True,False,False
Veo,351ba430-4c7d-5529-81e0-d53f00f05db2,bicycle,40.006613,-82.997259,,11.34,True,False,False
Veo,ee3084bf-e314-5aa5-ae3c-271d390d5f0a,bicycle,39.963388,-83.002424,,15.18,True,False,False
Veo,801e8bfb-f78f-50ad-92dc-16498cd000eb,bicycle,39.962486,-82.964908,,27.44,True,False,False
Veo,ec5d7d79-9aa7-51b7-ab7c-4f3dd46fa809,bicycle,39.998864,-83.016266,,27.02,True,False,False
Veo,5798f4aa-d9ac-5af0-9f68-a73bef152e41,bicycle,39.997055,-83.018013,,28.14,True,False,False
Veo,b7bb2523-94df-51d5-8760-277142148407,bicycle,39.958941,-83.012838,,28.14,True,False,False
Veo,22233e46-68b8-5a23-b81e-b1f7baa9eda1,bicycle,40.004631,-82.971563,,25.74,True,False,False
Veo,58e20f5f-c861-5f2b-af77-e9270aad5a18,bicycle,40.001522,-83.003881,,24.33,True,False,False
Veo,5fb04f17-f3e1-5a88-b895-c327a251ad2e,bicycle,39.959062,-83.002073,,28.14,True,False,False
Veo,1ceec9bf-27db-5fb1-acbd-9a498c76f913,bicycle,39.945012,-83.116532,,24.33,True,False,False
Veo,f02df531-c5c5-5204-a55f-7c4d2affe1bf,bicycle,40.063122,-82.917195,,9.65,True,False,False
Veo,ca080845-f248-5a7d-85c4-373cf78d02f8,bicycle,39.961536,-82.983611,,28.14,True,False,False
Veo,5ffe77de-47b6-510d-9ab8-e7f7f3ff27b7,bicycle,39.996359,-82.996064,,18.19,True,False,False
Veo,2e9ad574-b12a-520c-8ac2-bee3f84ce0e8,bicycle,39.990375,-83.012411,,6.98,True,False,False
Veo,915a2da8-bd75-5f31-af72-b83d8640c30e,bicycle,39.911614,-82.994767,,23.02,True,False,False
Veo,7ac9be55-64a4-587c-b517-97ec85b079fa,bicycle,40.032459,-83.017278,,16.84,True,False,False
Veo,0122b4ee-c656-54db-9f6c-81c66c30e4e3,bicycle,39.983978,-83.008406,,28.14,True,False,False
Veo,6936e76b-bc74-54c2-b62c-5931deb24e03,bicycle,40.023547,-83.032092,,11.11,True,False,False
Veo,d6ab51ad-afd6-577d-90da-55c2c205e24e,bicycle,39.990004,-83.00532,,14.86,True,False,False
Veo,c2c7ed6e-e587-5ceb-8aba-ab22bcf1ca3d,bicycle,39.958267,-83.073329,,6.31,True,False,False
Veo,705afe2b-ddfa-5c32-885c-f829d20d2958,bicycle,40.062901,-82.999414,,15.89,True,False,False
Veo,eb87bc83-fade-5998-b55d-a086ace26345,bicycle,39.991478,-83.052925,,22.7,True,False,False
Veo,331d3257-1fae-5614-b37d-e5506e69d498,bicycle,40.002336,-83.014004,,28.14,True,False,False
Veo,e5fd79d6-7ddb-5bbb-b3f1-d91314700b3a,bicycle,40.007883,-82.996573,,25.34,True,False,False
Veo,2cdf8f2e-ee68-5eda-bee7-5fab728bde8e,bicycle,39.946063,-82.906024,,28.14,True,False,False
Veo,adef7b19-92f0-527e-ac9f-001d16a65202,bicycle,40.054843,-82.954382,,13.39,True,False,False
Veo,1095f831-c694-52d8-8186-f73f74f41e0e,bicycle,39.973726,-83.002703,,2.55,True,False,False
Veo,fe96b82c-9a5f-54fc-a4a7-bc9384ab710e,bicycle,39.970044,-82.96836,,28.14,True,False,False
Veo,005872a3-64a4-5c16-b1f0-9065e94d61c8,bicycle,39.991811,-83.007769,,28.14,True,False,False
Veo,77bde122-cb65-5dd4-a54a-0ccd1fe06915,bicycle,39.962965,-82.981826,,25.94,True,False,False
Veo,3bfc691d-3173-5d2a-ba06-61ad76b855a0,bicycle,39.954349,-82.901274,,28.14,True,False,False
Veo,7c68a2c5-a333-5f9d-9ef1-cf4d91f87b17,bicycle,39.9442,-82.994557,,28.14,True,False,False
Veo,a19ad18e-e65d-5c61-af98-d87bb15ab4e2,bicycle,39.936868,-82.950738,,25.74,True,False,False
Veo,f54788d7-cb92-5790-881a-7c5548efabf4,bicycle,40.012883,-83.006535,,25.65,True,False,False
Veo,592e7cb6-130f-5bd8-b0c0-ac63486b6f62,bicycle,39.939456,-82.948674,,24.06,True,False,False
Veo,a6356029-2fcf-5960-84db-e1cc69b3fb0c,bicycle,40.003748,-83.01794,,27.44,True,False,False
Veo,32b537ea-b81b-57f2-8a17-3e4316bfa108,bicycle,40.005569,-83.010517,,13.86,True,False,False
Veo,14fc363a-1f1f-5ddc-9a6c-1942b56dbec8,bicycle,40.023559,-82.999356,,28.14,True,False,False
Veo,f186be53-1a9d-5d66-b0bb-b5a4c07a5e75,bicycle,39.951246,-82.965817,,18.19,True,False,False
Veo,5b4ae77c-0528-5980-b16c-e736de0f62c7,bicycle,39.996503,-83.016902,,13.64,True,False,False
Veo,39f1c5c9-e71c-506f-9b60-4dc9a33da8f1,bicycle,40.093198,-82.984393,,27.77,True,False,False
Veo,624881fb-98ef-5959-8481-2c4e5bf99097,bicycle,40.001937,-83.014441,,19.39,True,False,False
Veo,04db58fc-e9a3-5e8c-850f-ff89151b1f55,bicycle,40.099504,-83.114656,,28.14,True,False,False
Veo,40a67cfa-4d2e-5359-9d82-1c6e9e361ed9,bicycle,39.944315,-82.995332,,20.37,True,False,False
Veo,51daedf7-d969-5ac9-b8ef-1b4d77487c70,bicycle,40.051742,-82.968792,,24.84,True,False,False
Veo,48d2c515-d149-5ae3-96fa-b3dac35a7bd6,bicycle,39.948869,-82.98568,,12.52,True,False,False
Veo,5c4c6d52-35fb-5bd4-956d-27cd2f6e7a5a,scooter,40.08121166666667,-82.92323666666668,,18.19,True,False,False
Veo,fc48886c-d33a-5ace-9a98-efcc61e61afc,scooter,40.033718,-83.016529,,28.14,True,False,False
Veo,3369373c-f6cb-5cd2-87b2-b3abf3763d4b,scooter,40.00353,-83.01787,,0.0,True,False,False
Veo,16eb7868-b6c1-5a4a-96b3-ea3312c09ee0,scooter,39.955066,-83.089342,,28.14,True,False,False
Veo,f0f075ec-3de3-5857-bdda-ede2a3e85c67,scooter,39.900533,-82.956707,,15.45,True,False,False
Veo,729ab482-b6ff-590b-9374-cf700045cd7a,scooter,40.012029,-82.968602,,28.14,True,False,False
Veo,0bbd1bed-4c41-578b-87e3-a756a5ce9446,scooter,39.94641,-83.006585,,7.29,True,False,False
Veo,2ea9b234-40a7-5bde-8938-2bebe951fe18,bicycle,39.979097,-83.003093,,14.43,True,False,False
Veo,a9c8d1f9-0d24-54ab-9332-c585aa947d59,bicycle,39.946115,-82.961042,,17.37,True,False,False
Veo,2d7adfbf-409b-5c64-aebe-8435f1f60cd4,scooter,40.097692,-83.017229,,26.25,True,False,False
Veo,b91be9c8-46fc-55be-9763-8802dd725cb0,scooter,39.958673,-83.012907,,24.84,True,False,False
Veo,05bb128e-9c56-57b7-b374-d4e9e85d2473,scooter,39.96764,-83.013446,,28.14,True,False,False
Veo,e99f76dc-c0bb-537d-9334-1da5b1bdf147,scooter,39.955988,-83.003176,,11.11,True,False,False
Veo,02ecee17-64b8-5e90-a42e-f93ccb2aedae,scooter,40.017297,-82.974581,,6.67,True,False,False
Veo,e44de0e2-c107-51a2-9586-180a6ba314d2,scooter,39.968092,-83.00873,,15.89,True,False,False
Veo,0e7d26df-a447-59d7-a28a-5e75cdc5a38a,scooter,39.955909,-83.003139,,18.67,True,False,False
Veo,cc80de3c-f857-5243-8b6c-a71f67542219,scooter,39.97355,-83.019651,,8.78,True,False,False
Veo,3524c74a-365f-5bf9-aaca-3a9558e2a5dc,scooter,39.983754254284975,-82.99906550496206,,25.65,False,False,True
Veo,613968cf-cb52-5273-b79a-4b581b54b310,scooter,39.992203,-83.006078,,28.01,True,False,False
Veo,e36e6ebb-3f42-548c-bca4-53050cb6d89c,scooter,39.992676,-83.006749,,28.14,True,False,False
Veo,700eb4cb-030b-5710-a689-1d72c9ec2ef4,scooter,39.990311,-83.005349,,19.05,True,False,False
Veo,c23640dd-ee3d-5260-9a8c-28335e63888a,scooter,39.968899,-83.003711,,8.09,True,False,False
Veo,c4ddf771-c275-5634-8e9c-0741843e9abf,scooter,40.00317,-83.025842,,14.43,True,False,False
Veo,f4faaef9-6490-5088-a2e5-faf665fcdcee,scooter,39.993928,-82.983336,,12.52,True,False,False
Veo,eb137d61-1175-5d44-a9be-793ea277653d,scooter,40.005682,-83.013725,,28.14,True,False,False
Veo,570e0f6e-8e37-559e-b1fa-324a2d0b45e8,scooter,39.946614,-83.05854,,25.65,True,False,False
Veo,bd319ee1-ef6c-567f-8aca-2e32f32e4834,scooter,39.958702,-83.012873,,27.44,True,False,False
Veo,059a4780-b063-5076-b4b8-128cf39fbcbc,scooter,39.962205,-83.004133,,25.34,True,False,False
Veo,0aafefb4-fa34-5f44-93fe-ba2304c90e46,scooter,39.973814,-83.002687,,27.44,True,False,False
Veo,9af73147-dec1-5ac8-a904-da26fe9194d2,scooter,40.001811,-83.014534,,28.14,True,False,False
Veo,fcebdfe0-7b78-59e0-93a8-cc5b2cf2a613,scooter,40.022357,-83.013341,,26.25,True,False,False
Veo,c57271bf-597c-5c2d-bc66-07cb1b2c79d6,scooter,40.014261,-83.005907,,27.44,True,False,False
Veo,93d80aaa-71ee-5706-9c8a-dd5426edfd84,scooter,39.993984,-82.983362,,28.14,True,False,False
Veo,d3da2796-bff2-54d8-8831-9182984171ff,scooter,40.003894,-83.012855,,28.14,True,False,False
Veo,d68f4a38-f07f-5728-a494-418eba3f2c60,scooter,39.984743,-83.039835,,20.05,True,False,False
Veo,f51eabb9-5d37-5f8d-ad59-13de4443c663,scooter,40.015201,-82.979393,,11.59,True,False,False
Veo,2581c7fa-3831-55a4-9691-4db5371b05fb,scooter,40.002686,-82.979907,,23.33,True,False,False
Veo,bd46bc2c-17cf-5666-8cd9-57465b79fbff,scooter,40.002437,-83.01642,,24.33,True,False,False
Veo,624199a0-153a-5f1a-bfbf-1700de54b25a,scooter,40.031152,-83.001167,,10.31,True,False,False
Veo,2331f909-8650-5cb8-952e-8c50d15b1a34,scooter,39.993572,-82.981044,,18.19,True,False,False
Veo,504b2ffb-9468-5496-821b-45c51716f2e2,scooter,40.003156,-83.012765,,22.39,True,False,False
Veo,757e7024-3df3-58b1-a041-a9dad0354aae,scooter,40.000053355811545,-83.0081727421157,,21.77,False,True,True
Veo,b41b3756-9d4a-575d-8a79-3bc4c10606b6,scooter,39.968683,-82.968589,,25.65,True,False,False
Veo,145cca16-ce01-5a81-a42f-6fa28ff0e9e2,scooter,40.100734,-82.959183,,9.65,True,False,False
Veo,6b227c9d-46f3-52e4-8a53-d9f4def5f6fe,scooter,39.949544,-82.995431,,6.07,True,False,False
Veo,8a247854-4459-503e-9e06-2af4e15d622d,scooter,39.998212,-83.016829,,22.39,True,False,False
Veo,7b05b4af-c8e7-5ddb-b8aa-9b6bfb17137e,scooter,40.00659,-83.014693,,24.84,True,False,False
Veo,7c552767-c1e4-50f8-adb1-9ff44b2f165d,scooter,40.004041,-83.018808,,20.05,True,False,False
Veo,6a82eb3f-b55d-5d5a-86f5-8e7a801c6a50,scooter,40.033717,-83.016544,,28.14,True,False,False
Veo,0de195b6-0c2c-5a29-af6c-de20380b2e1b,scooter,39.96786,-83.000624,,28.14,True,False,False
Veo,33161e35-5e1f-50f3-9694-738e4af585a0,scooter,39.996216,-83.010585,,13.64,True,False,False
Veo,205d6d30-7201-5b26-aa06-c847db68d964,bicycle,39.997874,-83.007038,,11.83,True,False,False
Veo,6642a2e4-98ba-5cf3-837a-8ea86ebb6f10,scooter,40.014072,-82.945929,,25.34,True,False,False
Veo,a1790bb9-0f20-519a-b2b6-da5bc983addf,scooter,40.009459,-82.967672,,16.84,True,False,False
Veo,ef45ca9a-b3e2-583d-8e9e-3cd9af452858,scooter,39.923368,-82.989887,,17.89,True,False,False
Veo,52c2008d-e3a1-5d1d-a7d1-b9254e48ede3,bicycle,39.958766,-82.999896,,26.51,True,False,False
Veo,35658792-b28b-51fc-89e0-6edffb32ed8b,scooter,40.002006,-83.015612,,28.14,True,False,False
Veo,dd4ea9e6-6146-579c-b851-afe2201aefd4,scooter,40.000232,-83.017941,,28.14,True,False,False
Veo,e9ab693c-73d4-58b2-9c3c-b637843609a2,scooter,39.957949,-82.985187,,9.02,True,False,False
Veo,f6b4ef5e-d419-574e-95dc-29823c7fbc8a,bicycle,40.025282,-83.034272,,28.01,True,False,False
Veo,3a3d195e-7323-55e8-8fe1-4c35ce6732f1,bicycle,39.927445,-82.983678,,6.67,True,False,False
Veo,991eb0c8-15fb-5dde-a34c-5466ab9340fe,scooter,40.003957,-83.012835,,22.7,True,False,False
Veo,5f338913-cd66-5eed-8377-5de5a69b43cc,scooter,39.96057,-82.993902,,28.14,True,False,False
Veo,c2963b83-f3a9-55b1-a679-bdddac15a093,scooter,39.997323,-82.996103,,13.1,True,False,False
Veo,8967e74f-d139-5d1c-8456-648f49f64493,scooter,40.022373,-83.01329,,18.67,True,False,False
Veo,1124e7c7-2696-5b9b-a123-21a0edfa65fd,scooter,39.980161,-83.005639,,16.84,True,False,False
Veo,a170dda4-6f6f-5568-bc77-5266c36b6e12,scooter,39.973731,-83.004367,,24.84,True,False,False
Veo,f17784d3-7c38-5342-8f2a-5941fe21fe45,scooter,39.958407,-83.00274,,28.14,True,False,False
Veo,86f4ea9f-aece-5873-8802-853b466a2655,scooter,40.022294,-83.009611,,21.15,True,False,False
Veo,2d920fb2-f87d-5124-a3f0-f4d812e81a7c,scooter,39.967957,-83.009771,,24.06,True,False,False
Veo,1995186f-745c-5c06-ac3b-2cf27c8105f1,scooter,40.001693,-82.995945,,28.14,True,False,False
Veo,a6f67491-e358-5607-81d8-cdaefc02f738,scooter,40.002001,-83.025881,,25.34,True,False,False
Veo,8ab604b8-ce42-58b3-b764-4aa7b7a6d254,scooter,39.998421,-82.978147,,13.64,True,False,False
Veo,0fa23609-e218-5419-84da-357dc64c3993,scooter,39.942532,-82.975122,,23.02,True,False,False
Veo,037daf3b-68e9-593a-91a8-a44191a864bf,scooter,39.991996,-83.012381,,13.64,True,False,False
Veo,aef5c09f-8780-5cc6-8558-479eeb70a6bb,scooter,39.986892,-83.00944,,24.84,True,False,False
Veo,606c0f4a-160e-5418-a379-bb70326d1136,scooter,40.003422,-82.999089,,14.61,True,False,False
Veo,923aa708-1473-50f4-a2dd-47f08579ce08,scooter,39.99254,-83.009754,,13.86,True,False,False
Veo,3d60969b-c364-5aae-92ca-6fce3167972a,scooter,39.958001,-82.948381,,13.1,True,False,False
Veo,fb8f9fce-891e-5cb5-9aea-db89802e3bd7,scooter,39.976359,-83.010844,,27.77,True,False,False
Veo,a5ac00fa-5ce3-5224-8505-3ad96c2f9451,scooter,39.946656,-83.000253,,17.37,True,False,False
Veo,8fbadf82-7df8-5e63-bd2b-d44e3a2093d6,scooter,39.935065,-82.992837,,14.61,True,False,False
Veo,616d82d0-6352-5bf3-8f51-9cf58f422c28,scooter,39.979732,-83.018767,,22.39,True,False,False
Veo,ce1aab6d-779f-5ba3-a08a-3dd6686f9d4a,scooter,39.953411,-83.031067,,28.14,True,False,False
Veo,57eb769c-3a96-575b-a446-78cf7c3bded9,scooter,40.024468,-83.014046,,12.52,True,False,False
Veo,e97e7adc-f397-5cc4-b251-d5833083141d,scooter,40.00816,-82.998557,,28.14,True,False,False
Veo,4efab12c-73f0-576c-a7d0-a3ea0caf47fb,scooter,39.958771,-82.999834,,18.67,True,False,False
Veo,da7fbdd0-38e0-537c-935f-45443489867b,scooter,40.01008,-83.026712,,15.45,True,False,False
Veo,dc998296-a295-5399-9d30-30b29dd6eeb4,scooter,40.04062,-82.995539,,8.43,True,False,False
Veo,1f017237-8a0f-5cb7-bf2f-64f27e6c66e5,scooter,40.004857,-83.010639,,12.28,True,False,False
Veo,2948ec88-d0dd-5ad8-9089-1ea24d523fe3,scooter,39.980903,-83.007016,,27.44,True,False,False
Veo,f5284c65-a1dd-5f45-b23f-18817dc2b65a,scooter,39.990308,-83.007965,,20.37,True,False,False
Veo,8bf6c541-ebac-532e-a5b3-80f0971247cc,scooter,39.997924,-83.015282,,14.43,True,False,False
Veo,adc6ced9-9dce-5435-8181-16006319f502,scooter,40.002253,-83.015487,,25.65,True,False,False
Veo,3ac25b95-80e6-5110-b2e5-394a9c72275c,scooter,39.968106,-83.008782,,24.84,True,False,False
Veo,6e15ee8e-6089-5b00-9917-3ff3f281c50c,scooter,39.999708,-82.999594,,9.65,True,False,False
Veo,806f364e-2046-56e9-8586-222d2f53ed90,scooter,39.954208,-83.013741,,28.14,True,False,False
Veo,5d69269c-75ea-5fc6-8584-63d5a7a00d29,scooter,39.956031,-83.013162,,28.01,True,False,False
Veo,9e3a2c52-df8f-557b-940b-af89c3dad4ba,scooter,39.939529,-82.990601,,12.28,True,False,False
Veo,74b83c91-b4e4-5cd9-b1e4-e0eca5baf677,scooter,39.967642,-83.013457,,21.77,True,False,False
Veo,053005cd-7a8a-5a95-bd94-dd57b94a2ac4,scooter,39.99839,-83.011666,,28.14,True,False,False
Veo,c42c7f0e-784b-5a68-a5b4-a3b26fab3ecc,scooter,40.000153,-83.000501,,28.14,True,False,False
Veo,e34dc89e-5fb5-5ec1-bbdd-cd8956484969,scooter,40.001938,-83.013568,,28.14,True,False,False
Veo,a304ec02-3361-5369-b266-9ab90741cd93,scooter,39.993561,-82.981017,,28.14,True,False,False
Veo,23709b29-0a3b-5d55-9fa8-5c3d0aef1d41,scooter,40.003951,-83.012855,,28.14,True,False,False
Veo,0e97dcff-db63-5a0c-8f2a-32cde0cac71f,scooter,39.995393,-83.0308,,25.74,True,False,False
Veo,1800f427-1d36-56f9-af31-20c09a2a14d3,scooter,39.948785,-83.056373,,14.43,True,False,False
Veo,4f7a0aa4-5f11-5a99-bbbb-dc0ba0484341,scooter,39.997826,-83.003923,,18.19,True,False,False
Veo,700823ca-8a71-5c50-ada7-c27aa141ae12,scooter,40.00573,-83.011676,,15.18,True,False,False
Veo,d9b1097f-0fdc-58da-85ca-876ec17d81ff,scooter,39.943972,-83.072052,,10.79,True,False,False
Veo,580e383a-3923-5467-887b-1dcf031cd16c,scooter,39.968127,-83.008707,,15.18,True,False,False
Veo,12f304fc-a824-5bd2-8acb-8fac1e47070d,scooter,39.996904,-83.016325,,19.39,True,False,False
Veo,349f8672-5219-539a-910a-7b9c531e71bd,scooter,40.000332,-83.021419,,20.05,True,False,False
Veo,68aabd3b-b3dd-533c-9fd2-37e871180a99,scooter,39.990333,-83.010282,,11.11,True,False,False
Veo,47aa894c-9fa0-5419-90df-f22c6a20de13,scooter,40.032758,-82.991518,,28.14,True,False,False
Veo,0fd71d6c-e193-5139-bf0e-c7d09a8387b0,scooter,40.006548,-83.009256,,22.05,True,False,False
Veo,6e419110-4b5d-565d-99c7-4a783691e9f5,scooter,39.953839,-82.976278,,28.14,True,False,False
Veo,b5b17525-aba3-54ab-ab75-9dfe95972497,scooter,39.976353,-83.01084,,28.14,True,False,False
Veo,497541be-87d9-5fc8-aed2-c3742894fe74,scooter,39.990885,-83.000541,,23.77,True,False,False
Veo,a6d5c660-e5dd-53fe-90ad-5c2eac4a1713,bicycle,40.020971,-82.992843,,28.14,True,False,False
Veo,e875b032-6668-5956-890b-38927bde673c,bicycle,39.947133,-82.954327,,24.06,True,False,False
Veo,afaa55ed-bcb3-5223-ad4c-6df4298db78d,scooter,39.952246,-82.982632,,28.01,False,True,False
Veo,e1aab182-489c-5573-a0f1-32f5d0d7b54e,bicycle,39.951929,-83.111931,,28.14,True,False,False
Veo,ef7c688a-80e7-596c-ab7b-957d763a6b9b,bicycle,39.977695,-82.964138,,23.33,True,False,False
Veo,a1fea3d4-36d3-5cc6-969f-c825ea854973,scooter,39.94593,-83.009067,,13.64,True,False,False
Veo,5f7396a3-53ee-589f-90c8-74eecc3373ec,bicycle,39.958917,-83.013082,,28.14,True,False,False
Veo,04254183-112a-511c-982d-c7993637f58b,bicycle,39.997771,-82.972715,,15.89,True,False,False
Veo,4b31a7ea-c807-5295-9f1a-b62d74ba9440,bicycle,39.944826,-82.98047,,7.62,True,False,False
Veo,3d146153-f4ad-56e2-b271-41e10f1610d2,bicycle,39.99834,-83.006616,,27.77,True,False,False
Veo,c568fad6-92d2-5c78-8a9f-5813ce1cdfb5,bicycle,40.005684,-82.974099,,25.65,True,False,False
Veo,e06cb370-be2f-5f8d-a42b-b90a78b319ea,bicycle,40.015052,-82.989142,,7.29,True,False,False
Veo,0b60ad36-3c16-5fd3-98d8-b01fef60b4e7,scooter,40.001618,-82.982962,,13.64,True,False,False
Veo,19168ab0-db71-5d11-a6ee-32e421a7cd49,scooter,40.000515,-83.010037,,24.33,True,False,False
Veo,3059f788-8f38-5a3c-9829-892dfbf76041,scooter,40.014809,-83.002809,,27.44,True,False,False
Veo,012dddd0-5f1c-5366-b492-082347f8967a,scooter,39.948235,-82.997871,,25.74,True,False,False
Veo,c709e7fd-a917-5ebc-8e8f-72e50a59df43,scooter,39.947004,-83.054768,,18.67,True,False,False
Veo,387fc9a1-8c2a-5b9e-8901-7f77ba62958e,bicycle,40.008104,-83.010306,,27.44,True,False,False
Veo,e02e423c-2ee9-5ce7-91e0-27c62ace0916,scooter,40.00236,-83.016408,,13.39,True,False,False
Veo,3f0eb30c-b83d-549a-9a3a-12f53d4d4c82,scooter,39.963108,-83.004231,,25.34,True,False,False
Veo,95cecbc8-89f3-527e-9636-e0916de9c36c,scooter,40.000777,-83.025228,,14.61,True,False,False
Veo,72c1fe27-5af4-5b4f-b946-5dc7e79f1c5b,scooter,39.946563,-83.000243,,22.39,True,False,False
Veo,2ac82914-5502-5b46-a1ec-adab196b767f,scooter,40.004626,-83.014314,,28.01,True,False,False
Veo,44ce1664-0434-5282-a941-466e1737e204,scooter,40.001866,-82.999075,,27.44,True,False,False
Veo,abe91469-e9d9-52cf-98f6-cf50fb0c8643,scooter,39.98687,-83.009457,,10.51,True,False,False
Veo,79c594ea-1352-5c93-823a-542967d9286f,scooter,40.003824,-83.018069,,25.12,True,False,False
Veo,c5a5f6c6-16af-5230-af1a-6d3b3a37a3a8,scooter,39.998973,-83.000128,,11.83,True,False,False
Veo,a7f69187-4290-55bf-b69f-3e68b0b9ae59,scooter,40.00173,-83.01559,,26.25,True,False,False
Veo,76b5c16a-b22f-59be-9285-fa48611691aa,scooter,39.943977,-83.072077,,15.18,True,False,False
Veo,59ef836f-67dc-585f-9504-17a55bf06565,scooter,39.958699,-83.012774,,28.14,True,False,False
Veo,f3b7eb14-3808-523f-8aa4-9dc6e61d2d92,scooter,39.999035,-83.007989,,11.34,True,False,False
Veo,65e0b99c-ca74-54ef-b2a6-dfe32353591c,scooter,39.996769,-83.010885,,26.78,True,False,False
Veo,506a91e4-20ff-5c8b-9241-4c90d090952e,scooter,39.993554,-82.981033,,28.14,True,False,False
Veo,40830632-34b9-5a3b-92c3-d32bd3a91990,scooter,40.005783,-83.013809,,28.14,True,False,False
Veo,090ff029-6261-551d-a0c0-9a7e25246156,scooter,40.049275,-83.020347,,8.78,True,False,False
Veo,b0d1fad2-a7c4-5b7c-a467-4a826c157ea4,scooter,39.996342,-82.995599,,21.77,True,False,False
Veo,c56fa3ad-399e-59c5-ac76-0bebe9b5743e,scooter,39.958747,-83.012172,,28.14,True,False,False
Veo,060a3eed-dc0b-5ccd-ab36-d8e87af6c680,scooter,39.879255,-82.985109,,28.14,True,False,False
Veo,2126021e-ff8d-5254-b89f-b1660af6040f,scooter,40.002747,-83.004885,,24.33,True,False,False
Veo,2eb72693-1efb-5284-bf9d-8a2cf33a9a69,scooter,40.003158,-83.026298,,22.39,True,False,False
Veo,826b34ef-4266-510d-a645-89dad129ec43,scooter,39.941564,-82.997201,,13.86,True,False,False
Veo,c303e6d9-65ed-5cc4-a662-72b0991d063b,scooter,39.958343,-82.96329,,27.77,True,False,False
Veo,696a7e14-7810-5948-bbd1-a123b7ff6e35,scooter,39.95687,-82.9935,,19.39,True,False,False
Veo,8f3cd3bd-a7b1-5d3c-9d60-9fa8e2a9c343,scooter,39.934045,-83.091608,,28.14,True,False,False
Veo,da0b13fe-0545-5190-8ab9-a5be887985d4,scooter,40.031607,-83.010945,,25.65,True,False,False
Veo,deaeefc1-e68f-58b5-8426-bb2335cf9071,scooter,39.98075,-82.998445,,14.17,True,False,False
Veo,73b7569a-1f60-51c9-a723-fbd500ed8ac7,scooter,39.992195,-83.006287,,28.14,True,False,False
Veo,8eadbfd4-a97b-5016-b4a7-58a3e713ba99,scooter,40.004819,-83.009498,,23.02,True,False,False
Veo,12ad64b2-4991-5dd2-ba2a-b8d89af6d57c,scooter,39.991519,-83.008994,,19.39,True,False,False
Veo,081d12c3-4349-5bc1-922e-87f5b69c1dd2,scooter,39.998672,-83.009726,,26.25,True,False,False
Veo,c63a24f2-2439-51e8-b5bd-ef96417766d4,scooter,40.001922,-83.013605,,8.09,True,False,False
Veo,205e02bf-6241-5e49-80fb-8b9baba49ed1,scooter,39.997906,-82.998063,,28.14,True,False,False
Veo,0c5f43b0-f5f7-5c2b-ada4-a0048b859b6e,scooter,39.978503,-83.010704,,23.02,True,False,False
Veo,567a57fb-9878-5aab-8b50-1c336b569bf5,scooter,39.940125,-82.976394,,25.94,True,False,False
Veo,7d358026-bca7-5dc5-bbd0-d7f46621a4ae,scooter,39.994202,-83.008087,,8.78,True,False,False
Veo,ccae0d14-0690-5727-80db-4ea13d12fd98,scooter,39.998651,-83.021434,,9.02,True,False,False
Veo,5076274b-b8b7-5f44-9574-37ce38974425,scooter,39.995255,-83.004585,,28.14,True,False,False
Veo,8d1766db-8805-5d4d-b22d-591482e4d2d9,scooter,39.970959,-83.008591,,21.15,True,False,False
Veo,a7e3d1cc-8711-5ab9-85c1-2b40d45b4a1f,scooter,39.965994,-82.992534,,17.89,True,False,False
Veo,59ecbc1a-25db-51fc-a8ff-315d88ac5805,scooter,40.001568,-83.015521,,27.02,True,False,False
Veo,633ea55a-752d-5129-9d2c-385b38c29429,scooter,39.99711,-83.005083,,25.94,True,False,False
Veo,b5a285e2-bf1b-559c-b1e2-cf17bcce9cb8,scooter,39.969127,-83.003535,,25.74,True,False,False
Veo,249443e9-5b67-5973-8591-60d98f707d0b,scooter,39.9124,-82.967296,,26.51,True,False,False
Veo,df9a96de-5e46-5923-a997-e570a9cbdd04,scooter,40.006786,-83.01666,,19.39,True,False,False
Veo,873a94a1-0998-5c72-9571-b725ae35bd33,scooter,40.012521,-83.002433,,28.14,True,False,False
Veo,2a33ab7f-c6e3-5f1c-9dae-66bd5a783666,scooter,39.988825,-82.99955,,22.7,True,False,False
Veo,41f1c8b5-6e71-50f7-8cf7-8974469073c9,scooter,39.991492,-83.002813,,27.44,True,False,False
Veo,0eb7fe66-9f1d-5dbd-bbd5-6c8d0f828c3f,scooter,39.957417,-83.011379,,26.25,True,False,False
Veo,2602161d-6b1b-51f0-aade-25916d9a862b,scooter,39.990842,-83.000512,,18.67,True,False,False
Veo,c58826d4-4d1e-594f-8f75-2b71ddac2c72,scooter,39.999942,-83.003876,,15.18,True,False,False
Veo,fc438f74-9235-53a3-accd-85ed92dfced0,scooter,39.958589,-83.002668,,28.14,True,False,False
Veo,873a313e-144b-55a4-ba79-29b6a41c1499,scooter,39.987988,-83.008797,,12.28,True,False,False
Veo,f945818e-e5fa-51e1-b4fa-6503e523b970,scooter,40.000222,-83.017939,,14.61,True,False,False
Veo,80930789-0206-58cc-8405-a775eeb499b2,scooter,39.996069,-83.014652,,18.67,True,False,False
Veo,e0e2fd55-bc1d-5178-9cf8-6d0c11e7d25f,scooter,40.000198,-83.017996,,14.86,True,False,False
Veo,c135efe4-82bc-58a1-a514-eecd6ef78783,scooter,40.005479,-83.01558,,26.51,True,False,False
Veo,ab39fd3c-0ca1-56f5-8a2e-01f3ae38e308,scooter,39.96889,-83.003666,,28.14,True,False,False
Veo,3c98680f-abcd-54b6-a339-925f6402430e,scooter,39.953282,-83.117581,,13.39,True,False,False
Veo,4f1c88f5-bb81-5428-a6b1-de224eef813b,scooter,40.001426,-83.00374,,10.51,True,False,False
Veo,26944e0f-6933-5143-8e76-bad565de3c67,scooter,39.97378,-83.002754,,24.33,True,False,False
Veo,3f79197e-f5b1-5d3f-a7f5-1e94a3a4da87,scooter,40.101659,-83.11408,,28.14,True,False,False
Veo,72e4156e-99b1-58f3-a018-b0728764a374,scooter,39.999382,-83.005152,,26.51,True,False,False
Veo,f9e4b33e-17af-57fd-aa3f-0974d22a8181,scooter,39.971056,-83.002175,,16.39,True,False,False
Veo,9f6173c1-0561-5138-b210-1491bfe3a8ca,scooter,40.006746,-83.010793,,25.34,True,False,False
Veo,4f32f2c4-0845-5f8c-bdd3-2c330324ca37,scooter,39.955948,-83.003142,,26.25,True,False,False
Veo,fea86203-12fc-5367-9c68-0fb4f0547b1c,scooter,39.979272,-83.014435,,14.43,True,False,False
Veo,3b314f6e-ddb4-5210-9ca8-4af8463225ad,scooter,39.957423,-83.011413,,28.14,True,False,False
Veo,1e33eddf-01ca-5b51-8eab-92a51db67cb5,scooter,40.025293,-83.020283,,17.89,True,False,False
Veo,aea612b5-fa9a-5eb4-b8f2-d0f1a725000e,scooter,39.96076,-83.012576,,28.14,True,False,False
Veo,9825cb7e-3436-5a5f-8a6d-2cadc2535cfd,scooter,40.003227,-83.008456,,28.01,True,False,False
Veo,04569216-bbae-58af-b7d2-b439883e5e87,scooter,39.986891,-83.009446,,15.18,True,False,False
Veo,5e0ee462-403e-593a-907a-d926f1eae971,scooter,39.96147,-82.983573,,27.44,True,False,False
Veo,bb1250bb-e7bb-5ca9-b558-560fb22e2d8d,scooter,40.00404,-83.013219,,26.25,True,False,False
Veo,fdd7a09b-d448-5418-a7ce-ab5f756bbbd4,scooter,40.002133,-83.011966,,22.05,True,False,False
Veo,b7107632-a7ea-5809-8d20-61a89e94ebf7,scooter,39.960605,-82.979118,,7.29,True,False,False
Veo,7f7147db-0a85-5bd8-9fdf-abd237f09e3e,scooter,39.991377,-82.999376,,12.63,True,False,False
Veo,472dec48-8aba-5b51-aaea-2be40979e35b,scooter,39.959847,-83.013105,,26.78,True,False,False
Veo,a6db5762-e478-5cc8-a094-33ff8edabecb,scooter,39.974327,-83.023218,,25.12,True,False,False
Veo,03d605b9-15e7-5613-92a4-ce5b1d98812f,scooter,39.94665,-83.000255,,25.34,True,False,False
Veo,9dc28552-65b8-5381-8de4-49468419a289,scooter,39.961304,-83.00335,,9.65,True,False,False
Veo,1c5f1c84-5416-5729-b94a-3911f9c49666,scooter,39.97972,-83.021232,,27.77,True,False,False
Veo,d0b8e4d5-0aa4-5ae7-8be7-8f302b815fa8,scooter,40.015695,-83.011212,,25.94,True,False,False
Veo,7a626e58-2fa1-5bd8-84e8-e67e89d0b4d8,scooter,39.948872,-83.056266,,28.14,True,False,False
Veo,7b75330c-0148-52f0-8219-7bd014efdacf,scooter,39.981421,-82.992781,,28.14,True,False,False
Veo,26073df0-6629-526f-9e42-c75707a87e6d,scooter,39.963124,-83.004219,,28.14,True,False,False
Veo,6ba0a528-76ed-5dc0-8271-36d05c1baba6,scooter,39.955998910591006,-82.94532593339682,,0.0,True,False,False
Veo,0074aba2-b49b-5e90-b546-e5e4b483c28f,scooter,39.991557,-83.009051,,14.61,True,False,False
Veo,5f0728d0-df04-552d-a0f1-d206982f1181,scooter,39.986674,-83.003372,,12.52,True,False,False
Veo,9f72aa50-240f-52da-89c9-5da6c8b17208,scooter,40.003789,-83.01298,,27.77,True,False,False
Veo,0e42b3fb-f8e7-5b67-8ed6-898c14d18da2,scooter,39.958694,-82.978618,,7.29,True,False,False
Veo,cf308c3d-d2e6-5bc9-8a14-e34bec428391,scooter,39.953219,-83.013378,,25.74,True,False,False
Veo,250f0e3e-2870-5f14-a901-5428d8449317,scooter,40.015804,-83.030556,,16.84,True,False,False
Veo,b401386c-8f8c-5f23-8553-64598214bf8b,scooter,39.978751,-83.004487,,16.39,True,False,False
Veo,69c8db86-6804-5f19-9e6f-f8deb9faf943,scooter,39.992178,-83.012116,,25.65,True,False,False
Veo,87f7d989-60d4-5288-8fec-b23bb8b3c1df,scooter,39.951917,-82.998549,,27.77,True,False,False
Veo,2ceb8832-a748-5036-a9fc-da58e74fe9a2,scooter,39.999349,-83.039521,,14.43,True,False,False
Veo,889ac603-7b3b-5eab-bc5f-f7a91b4ade73,scooter,40.02231,-83.013348,,27.44,True,False,False
Veo,e3bfe382-c566-504d-9736-8d3f4882cb1b,scooter,39.970537,-83.108954,,14.43,True,False,False
Veo,09a6315c-28cf-5812-ac67-38b3afc48a06,scooter,39.99815,-83.009774,,10.79,True,False,False
Veo,ea11f65b-ce6b-5ac7-9c67-3eca0c216b9c,scooter,39.954209,-83.013738,,28.14,True,False,False
Veo,f854ee30-ef51-5a76-8ef6-3a88bc5c8c5c,scooter,40.004618,-83.01336,,28.14,True,False,False
Veo,56dc97ab-1d64-5d4d-bd81-16efa687e7a7,scooter,39.965818,-82.992796,,28.14,True,False,False
Veo,551e69a6-38e9-5238-b9b6-4f162dbe394a,scooter,39.964732,-83.00197,,28.14,True,False,False
Veo,1c5d73ba-af76-5d79-b6db-b4036ad3105c,scooter,40.101058,-83.108723,,28.14,True,False,False
Veo,6fa7c951-1b11-5267-8e76-ccf8bf49ddfa,scooter,40.001463,-83.008782,,28.14,True,False,False
Veo,4117d98e-09ce-5510-8a78-779c811f1ebe,scooter,40.004319,-83.005373,,19.39,True,False,False
Veo,82a78911-5c6c-52bc-93a7-09644776b45b,scooter,39.974969,-82.972373,,18.67,True,False,False
Veo,efffec72-7178-52eb-a27f-831de07e5eb0,scooter,39.978812,-83.004485,,28.14,True,False,False
Veo,13027e82-b4af-5078-b609-56ded2ae8d3d,scooter,39.948254,-82.997803,,14.86,True,False,False
Veo,2d51abde-770c-5726-b681-a288f38aa0b1,scooter,40.032727,-82.991514,,24.06,True,False,False
Veo,ca946b95-4a74-5489-be5a-10e4e07dcaf6,scooter,40.001212,-83.003786,,9.97,True,False,False
Veo,7e1d9b57-7358-5875-bda6-e79458aaf0f7,scooter,39.988394,-83.035265,,11.34,True,False,False
Veo,317707db-5de4-507b-b9f2-0a08a3586f1b,scooter,39.95740698650479,-83.01142654381692,,27.18,True,False,False
Veo,d9aefbd2-cbb7-53f0-b4c3-82a899b0cec2,scooter,40.002286,-83.014081,,28.01,True,False,False
Veo,b68fa812-09d9-5e8b-8e3b-ecf1dcae41b4,scooter,39.994924,-83.006764,,17.37,True,False,False
Veo,f4894387-5d18-56ea-8a13-9ffb56981c0f,scooter,39.954109,-82.939255,,17.37,True,False,False
Veo,5f585280-c751-56f9-b597-10e8d8ff0575,scooter,40.001153,-83.008409,,23.77,True,False,False
Veo,f29d8a3e-1035-58be-b590-03b1f74f47c0,scooter,40.002829,-83.015328,,23.77,True,False,False
Veo,45820824-dee9-59fa-b858-74c0680ce942,scooter,40.00414,-83.015155,,27.77,True,False,False
Veo,ea50878f-58f6-51ec-9314-bfc24b4098b9,scooter,40.014004,-82.989988,,13.1,True,False,False
Veo,57af0659-bbfc-5e90-a0bb-1eefe5cbbedd,scooter,39.956421,-82.986581,,13.86,True,False,False
Veo,8ed70441-e51e-5c3c-ae6e-599ee74a3e2e,scooter,39.993119,-83.006829,,8.78,True,False,False
Veo,58df9e08-8901-55b7-a84a-0142e55098fb,scooter,39.989913,-82.999583,,23.02,True,False,False
Veo,c9892f60-1c36-54a9-a9b5-5c85941328ea,scooter,39.999677,-82.999665,,13.1,True,False,False
Veo,9941447c-7396-562d-a097-a8ef8943719e,scooter,40.02802,-83.000768,,25.65,True,False,False
Veo,44e6485d-958e-5fe7-8e8b-40cc030fe4d9,scooter,39.963119,-83.004231,,28.01,True,False,False
Veo,fb47ee50-7152-5723-9d9d-cd4435c1919f,scooter,39.959259,-82.995231,,27.77,True,False,False
Veo,08c35c31-5ebf-5a73-908b-a45d0736d239,scooter,40.014045,-83.015147,,25.74,True,False,False
Veo,ede485b2-76c4-54f8-b2f9-4f49b54875b2,scooter,39.945129,-83.06463,,20.78,True,False,False
Veo,66b893fc-7e60-514e-9dea-25adfdead243,scooter,40.000857,-83.021187,,28.14,True,False,False
Veo,65bde01a-49f7-53be-9bba-031b9af3fb5a,scooter,40.005963,-83.014403,,22.39,True,False,False
Veo,24eeaf8d-bead-5abc-9eee-8d339e51d11e,scooter,39.96467,-83.000292,,11.59,True,False,False
Veo,6afced68-7d9a-58b7-b2a3-8e47a72dba17,scooter,39.978786,-83.00446,,26.51,True,False,False
Veo,304dcc18-216b-5eea-a9e6-201702a8e935,scooter,40.005786,-83.01384,,28.14,True,False,False
Veo,d02572e9-71e3-5a59-9fb9-95c7cd661104,scooter,39.997072,-83.018005,,28.14,True,False,False
Veo,5abd954d-ef54-5ba8-a9f7-54257f5b784a,scooter,40.00113537566042,-83.00838957586922,,27.02,False,False,True
Veo,38c81d38-0c29-5821-ab92-c5d1f8531a08,scooter,39.968495,-83.001971,,24.06,True,False,False
Veo,bf6416b4-4006-5794-9abf-daf217104b21,scooter,39.9847,-82.996956,,28.14,True,False,False
Veo,26d65903-1c41-5afb-8080-928b162a5728,scooter,39.968966,-83.003621,,27.44,True,False,False
Veo,bc51b094-e2f3-5769-8fbb-43fadc0d363f,scooter,39.956443,-83.00976,,22.05,True,False,False
Veo,a6b06532-c59b-53b6-97ec-58d53a924968,scooter,39.978544,-83.005365,,24.84,True,False,False
Veo,22331c3e-94a3-5634-aeb3-1ab2f59822dc,scooter,40.005675,-83.011731,,24.06,True,False,False
Veo,fc37e1b7-e9f2-5d19-8ca7-209b8b2a0ea0,scooter,39.963115,-83.004256,,19.05,True,False,False
Veo,4ec255d7-ec7d-5829-9e61-ed4d5d23de49,scooter,39.999446,-83.002978,,10.31,True,False,False
Veo,19c24750-2ac3-5dab-b12a-16bc6d427663,scooter,39.949308,-83.042674,,24.33,True,False,False
Veo,01e90f9d-da91-57e0-982c-e6084bdbe839,scooter,39.997338,-83.00785,,14.43,True,False,False
Veo,95bd37ba-d746-52dc-b819-7029a5c12a95,scooter,39.972448,-83.00316,,27.44,True,False,False
Veo,3ba58c04-5288-5e77-8ea2-cc4803b8fd26,scooter,40.003907,-83.012716,,22.05,True,False,False
Veo,ebc532a6-4478-551d-bb19-e7403cfe184f,scooter,40.016699,-83.020372,,22.7,True,False,False
Veo,42c7f1d8-4ca2-5f14-ba45-a67295decdbb,scooter,39.992245,-83.042549,,22.7,True,False,False
Veo,cc39c7d3-2e00-506b-be8d-3197f871791e,scooter,39.966195,-82.99877,,28.01,True,False,False
Veo,614ef5d0-316b-5dcc-ac97-c02778f34e02,scooter,40.007453,-83.015144,,21.77,True,False,False
Veo,5afabb47-4308-5970-a6bd-eecee7e6c6ce,scooter,39.999957,-83.021402,,13.64,True,False,False
Veo,f65e072e-acab-511f-bf95-872885f71a00,scooter,39.99726,-83.015489,,22.39,True,False,False
Veo,5362a91a-bc3c-5c7b-b1d1-a0c4b6a76f8d,scooter,40.002015,-83.011527,,26.51,True,False,False
Veo,d1a92672-348c-571e-b550-564150a2e3b0,scooter,40.032748,-82.991515,,28.14,True,False,False
Veo,5f7715a5-f569-5c37-8081-a270c5793739,scooter,39.963133,-83.004262,,25.34,True,False,False
Veo,2cd7674b-b9cd-516d-9870-de893e4935ce,scooter,39.95238,-83.075317,,23.02,True,False,False
Veo,b67c0c3b-7946-5f1d-b65a-42daaa8a4a37,scooter,39.9622,-83.004139,,28.14,True,False,False
Veo,e4f8cf86-c951-5383-9b5a-2f1f5918228e,scooter,39.967643,-83.013439,,27.77,True,False,False
Veo,651c846e-11ea-511d-82aa-9d336fa17aae,scooter,39.953644,-83.000495,,28.14,True,False,False
Veo,674b5366-0978-5b48-a377-ab6eab25aa21,scooter,39.983156,-83.015571,,23.02,True,False,False
Veo,db0d6e8d-94cf-5fc3-a14b-b53309349e86,scooter,40.01628,-83.030464,,25.74,True,False,False
Veo,f2ab5175-ca40-5f62-bc24-806a80825d23,scooter,40.00692,-83.023637,,25.74,True,False,False
Veo,f16baac2-7c01-583c-b1a7-d95bc52a3135,scooter,39.947737,-83.050982,,28.14,True,False,False
Veo,49e76b88-2653-558d-bcc2-34f0ed03a94b,scooter,39.996924,-82.996751,,25.65,True,False,False
Veo,4ad6c1e1-6b46-5c69-a4d0-7b96720806a9,scooter,40.000099,-83.021365,,9.29,True,False,False
Veo,7f1c0302-9f36-57c1-9f4a-ac695850594a,scooter,39.97038,-83.002317,,24.33,True,False,False
Veo,1341c3c9-9adf-5f46-9d3a-54ab4a58a383,scooter,39.966992,-82.982664,,25.34,True,False,False
Veo,d55d7f5e-b937-507d-81ee-770d57732f8f,scooter,40.000731,-83.011604,,23.02,True,False,False
Veo,bc1bf1ac-d85c-5114-b2a8-5406cb1bc98e,scooter,40.000735,-83.025242,,16.39,True,False,False
Veo,f92c532d-8a70-5ae7-b8e8-8da6f8547d04,scooter,39.957434,-83.011339,,28.14,True,False,False
Veo,c39d5fee-c3b4-5dbe-9dc6-0d46bf891e06,scooter,39.968119,-82.992553,,11.34,True,False,False
Veo,ec417da3-9c2b-5990-a0f2-a3a65d4a2889,scooter,39.995505,-83.040508,,26.51,True,False,False
Veo,4294cf25-565a-5747-8c20-e8717b4cb911,scooter,39.95762,-83.011322,,28.14,True,False,False
Veo,8f5fbfb0-63bd-5d19-af8a-3f95499cfefc,scooter,39.999284,-83.021462,,28.14,True,False,False
Veo,df0a212f-7565-5a0d-80e8-cf5818780b10,scooter,40.012047,-82.968576,,13.1,True,False,False
Veo,061f74b4-7312-5351-bbff-4139bc526030,scooter,40.006144,-83.016995,,28.14,True,False,False
Veo,edb1f228-9027-540b-8eac-6cae6120433d,scooter,39.964161,-82.960613,,14.61,True,False,False
Veo,31108ed7-b2a7-5aaa-9082-33808ca1cfef,scooter,39.977989,-83.002893,,17.37,True,False,False
Veo,6611924e-4c0b-5e6b-b683-e03432794cc0,scooter,39.986893,-83.009429,,25.94,True,False,False
Veo,fa7047c9-88c9-51e5-8c10-3ccc4177cd81,scooter,39.914104,-82.983214,,8.78,True,False,False
Veo,f6d24c38-50e2-5a6b-b1b9-dab9bc75310c,scooter,39.946454,-83.058557,,25.12,True,False,False
Veo,e483cc08-a9e1-5e95-8465-dda42c1e34f0,scooter,40.003235,-82.998342,,13.86,True,False,False
Veo,1238d695-c255-530f-80b7-df9d5581d7da,scooter,40.004081,-83.003682,,11.83,True,False,False
Veo,a47cde7b-bc67-57cd-9365-ba03792d3e80,scooter,39.993837,-83.026512,,21.77,True,False,False
Veo,94c1ebfb-f0c6-5d18-af3d-46bda17ed181,scooter,39.935741,-82.984618,,14.61,True,False,False
Veo,9d58ff0a-c6eb-5604-a4ff-d22188e81b8a,scooter,40.032712,-82.99156,,25.34,True,False,False
Veo,9d37787f-b244-5337-b05f-4562294e3311,scooter,39.996103,-83.01131,,14.43,True,False,False
Veo,a7db5f67-4638-537a-bfc0-aacb674f3afe,scooter,39.980815,-83.006129,,27.44,True,False,False
Veo,966f5547-0a7d-514f-83d1-3915d95f1a59,scooter,39.945756,-82.973124,,16.84,True,False,False
Veo,3dabcbb1-54c5-554c-85ca-566b39fc7731,scooter,40.034274,-83.00013,,9.97,True,False,False
Veo,965c7d96-16e0-5f9a-a56c-dcc59d4479d5,scooter,39.969051,-83.003742,,25.94,True,False,False
Veo,93875201-4f94-565a-8bb0-7aecf06eded1,scooter,39.946435,-83.058498,,27.77,True,False,False
Veo,00bcffcb-6e33-50a8-a8da-c27830e67762,scooter,40.0007,-83.015348,,27.18,True,False,False
Veo,428482e7-b1bd-5828-b7cd-171771c3450c,scooter,39.955917,-83.003184,,21.15,True,False,False
Veo,66137d54-9adc-5050-9ae1-af36e0a2ab2d,scooter,40.004141,-83.010741,,25.74,True,False,False
Veo,7432f84b-3cfb-5156-90a1-698894171976,scooter,39.96311,-83.004238,,25.34,True,False,False
Veo,be9d615e-4625-51cf-a63a-f2fd8a8eb50a,scooter,40.004434,-83.012217,,25.65,True,False,False
Veo,704ade5a-3f0a-5589-9b98-07ad969448c5,scooter,39.994733,-83.036124,,20.05,True,False,False
Veo,827c93f3-aae6-581f-8785-1e516ed7d652,scooter,40.006497,-83.006257,,23.02,True,False,False
Veo,1b4ffc3d-9e98-56ef-9f86-42f9b4345aab,scooter,40.003969,-83.014413,,28.14,True,False,False
Veo,d69217bf-30c2-50b4-bfbd-1a46a1fe86d7,scooter,40.025986,-83.002629,,10.51,True,False,False
Veo,d6aaaca1-8874-51d4-bdbd-da7bcbbf4140,scooter,39.968676,-83.001804,,28.01,True,False,False
Veo,1e6df6c1-298d-523f-9d74-6062973a5bfe,scooter,39.969393,-82.971115,,8.09,True,False,False
Veo,e9f4dec7-7ca1-559e-bd8b-abfb42b850bc,scooter,39.925161,-82.940881,,25.65,True,False,False
Veo,6b84a6b7-2ae0-57fb-9a22-e644f83e1c04,scooter,39.980634,-83.016093,,19.39,True,False,False
Veo,cd0b8e38-577c-50ef-9dd3-19eaa443b068,scooter,39.969043,-83.000925,,22.05,True,False,False
Veo,9cdb898c-41f5-5530-aba7-0a7f32b69c62,scooter,39.999352,-83.005162,,25.34,True,False,False
Veo,4617fb80-51f6-5b07-a9ab-31b1f41e9f63,scooter,39.998217,-82.961394,,20.78,True,False,False
Veo,3a3f2f4f-fd1a-5fd5-a99e-7e64975ba736,scooter,39.967215,-83.005187,,14.17,True,False,False
Veo,a2f0fbc4-dadf-53a3-9192-cd13f11e8da3,scooter,40.000171,-83.021367,,25.94,True,False,False
Veo,394c5b8f-c0b8-5577-9b70-e8fd24e68ba0,scooter,39.99566,-83.01186,,8.78,True,False,False
Veo,ed6bf66f-8396-54f1-af7f-66cdb95b0500,scooter,40.001275,-83.015268,,23.77,True,False,False
Veo,7cce4292-deb4-5627-8ec5-d599ce2eff18,scooter,39.955972,-82.945261,,0.0,True,False,False
Veo,71c92d0b-127a-575e-ba31-b915cde8bb73,scooter,39.996292,-83.01714,,12.07,True,False,False
Veo,2b07133f-aa32-50b9-9987-5e1b55b6da01,scooter,40.053232,-83.049481,,11.34,True,False,False
Veo,7686b0d2-fea9-55bc-8d36-726c4a2eea2c,scooter,39.95657,-82.97147,,28.14,True,False,False
Veo,c130bd9c-1de8-58c2-b62c-63857f0d400e,scooter,40.000668,-83.015309,,28.14,True,False,False
Veo,3f40b3f6-c660-5e9a-9a64-cf91f169578d,scooter,40.038484,-82.962606,,21.15,True,False,False
Veo,ade27b2f-4fca-51b2-a81b-74965c300a92,scooter,39.993491,-83.01969,,28.14,True,False,False
Veo,ebb894de-4219-55de-87c9-c7fcd0b20acc,scooter,39.960338,-82.986878,,7.62,True,False,False
Veo,318c03aa-8aa8-540a-9066-0ef112effda4,scooter,40.035074,-83.003715,,16.39,True,False,False
Veo,4c90551a-cd58-5b06-9ea0-ec80ab9f5e7e,scooter,39.976356,-83.010839,,25.74,True,False,False
Veo,de7c887b-ae7a-568f-80f1-1022b7eb2b87,scooter,39.976344,-83.010786,,28.01,True,False,False
Veo,3290327f-67bc-5451-91cb-8be9231d25c4,scooter,40.00402,-83.012821,,28.14,True,False,False
Veo,d889f6a0-4a02-59b4-a690-dad11ca3f168,scooter,39.960478,-83.003088,,20.78,True,False,False
Veo,1ef84ce5-9086-50ac-bf96-fdfc347013f1,scooter,40.011143,-83.013542,,20.05,True,False,False
Veo,1ad88a62-2165-5252-8638-1c3b95b6b4cd,scooter,39.947644,-82.993434,,9.65,True,False,False
Veo,f1914162-2103-528f-a4ff-c049a28e1b76,scooter,39.986702,-83.072308,,6.07,True,False,False
Veo,af221689-1667-5aad-9a60-d68aef8a4db9,scooter,39.967648,-83.013416,,28.14,True,False,False
Veo,025a1ed1-5eac-55f6-948d-21384badd646,scooter,40.010601,-83.019833,,25.34,True,False,False
Veo,5b8a81d4-9f03-5d27-9c70-60640d985ea0,scooter,39.969005,-83.003761,,28.14,True,False,False
Veo,fe7e4df9-450a-5e9d-9fa3-3ddb4e136225,scooter,39.997926,-83.009621,,13.39,True,False,False
Veo,9d317c07-9833-59be-b05e-8f457fcc8b55,scooter,39.956009,-83.003177,,15.45,True,False,False
Veo,7942eedb-f79a-5858-87b7-6d2a5e7fc71b,scooter,40.00353,-83.01787,,0.0,True,False,False
Veo,6a534a8f-0184-5ee2-9bb4-a2756201a6f3,scooter,40.032716,-82.991532,,15.45,True,False,False
Veo,523fd587-f7e3-5fc4-a12a-130108033c0c,scooter,39.993895,-82.983366,,13.39,True,False,False
Veo,0d6d1028-1845-5509-baf6-3e879043d9b2,scooter,39.996787,-83.010834,,27.44,True,False,False
Veo,697aaf40-7e16-56bd-9b62-0ea49a359da1,scooter,39.978796,-83.004483,,20.78,True,False,False
Veo,6e1c2e84-e528-5013-ab7a-54aaa69e0800,scooter,39.941527,-83.052737,,8.09,True,False,False
Veo,8dacbc35-46df-532f-bfb4-e29c53b4614d,scooter,40.042811,-83.018709,,25.12,True,False,False
Veo,997f6c89-482f-53ae-bdae-84491554ea3c,scooter,39.923858,-82.959892,,26.78,True,False,False
Veo,b72b6d36-5c11-5792-9e10-3232ead31306,scooter,40.001024,-83.000656,,14.86,True,False,False
Veo,cfecee1f-2889-5e08-b4ee-764bfd416bea,scooter,40.001174,-83.003994,,10.31,True,False,False
Veo,e7646ce2-6e11-5d7d-bd99-14e5ebc5ac37,scooter,39.974185,-83.022826,,6.67,True,False,False
Veo,d3acdb88-252a-5739-be74-26f9de0930eb,scooter,40.004297,-83.005997,,22.7,True,False,False
Veo,69c7d6aa-01a7-546e-aae9-80a2c4aafe65,scooter,39.994066,-83.033633,,15.89,True,False,False
Veo,2400e39f-134a-52d6-a3f5-8b1514e43058,scooter,39.994424,-83.013263,,28.14,True,False,False
Veo,46476189-1ba6-571a-8033-e727be717971,scooter,39.957696,-83.00037,,15.45,True,False,False
Veo,338d9f99-4f64-523b-8a19-26986d081a05,scooter,39.965864,-82.972877,,25.65,True,False,False
Veo,48f35f9e-5b31-53db-aace-347c72db3b3b,scooter,39.994795,-83.017482,,24.33,True,False,False
Veo,7bfc7dee-338f-5563-81c7-6b48c1ec8243,scooter,39.993938,-82.983364,,28.14,True,False,False
Veo,538a6c33-31b9-5b91-98e8-e220a9199748,scooter,40.007131,-83.047889,,14.86,True,False,False
Veo,106709e1-d733-5450-90e5-a24988db738f,scooter,39.960534,-82.993632,,24.06,True,False,False
Veo,f75b7602-0955-5325-a52b-fe1590cea972,scooter,39.973416,-82.961136,,28.14,True,False,False
Veo,7bf33a3c-4ebf-593d-9341-89af3a0b11e7,scooter,40.015814,-83.030551,,6.31,True,False,False
Veo,4ca628ed-8d92-58d2-8fc6-f6c6a226d23c,scooter,39.99315,-83.044125,,14.17,True,False,False
Veo,719e4119-d918-527f-befd-0d2b9cc7b5ed,scooter,40.001915,-83.01646,,12.28,True,False,False
Veo,92ca708a-03d8-57b4-8eb0-be7d8ceb16ec,scooter,39.991378,-83.011031,,22.05,True,False,False
Veo,00a573af-0a26-5a48-a9fd-3f7036734218,scooter,40.004544,-83.01263,,14.43,True,False,False
Veo,7bf48194-7de5-5dac-b85a-f56eea154831,scooter,39.999926,-83.011376,,12.28,True,False,False
Veo,a6db60ed-53d1-5cdd-ac64-477e9685d7b2,scooter,39.958673,-83.01282,,26.78,True,False,False
Veo,47467ac1-fdc1-5706-9bec-af72515f6b9b,scooter,39.988571,-83.027931,,19.78,True,False,False
Veo,2c9b4d03-c00d-5ae2-bdcc-8688dfa5e46f,scooter,40.055454,-83.047655,,25.74,True,False,False
Veo,c13203d1-3816-53da-b122-39e93e6ff8cd,scooter,39.989888,-83.005208,,28.14,True,False,False
Veo,ead7df87-bed8-54ca-8727-0491d7b3707b,scooter,39.99783,-83.003946,,27.02,True,False,False
Veo,ecab6048-b0f7-509c-a848-81fc54953500,scooter,39.957407,-83.011316,,22.39,True,False,False
Veo,595ab32d-96f9-5e64-a2e5-34ebe0c466e8,scooter,40.0007,-83.015523,,6.67,True,False,False
Veo,1ea35bf6-06e6-5fb2-af0d-7bdf15a5d66e,scooter,39.963128,-83.004238,,14.86,True,False,False
Veo,44de29b2-c532-5512-90f2-4aabdb5b7d26,scooter,39.96916,-83.003735,,25.65,True,False,False
Veo,0b74c887-8ff9-5543-9a29-f0108113e950,scooter,39.94593,-83.009054,,27.44,True,False,False
Veo,2518d8cf-bbf6-5026-b054-98d48052eba6,scooter,39.960553,-83.014441,,13.39,True,False,False
Veo,45664db9-0398-5168-b980-e778218a0673,scooter,39.946613,-83.058606,,27.44,True,False,False
Veo,959ea470-a08a-5110-82c5-e9595fbfa621,scooter,39.955889,-83.003053,,25.34,True,False,False
Veo,c7cbb179-6862-5b5d-acf5-338b0bb059f7,scooter,39.969002,-83.003864,,20.78,True,False,False
Veo,664a82f1-4ff3-55b7-a791-a06eebd02731,scooter,39.989988,-83.001099,,14.86,True,False,False
Veo,17fb6c67-b44f-5da6-b2fe-c054788f2810,scooter,39.978034,-83.00283,,28.14,True,False,False
Veo,de204d8d-9f5a-55a0-bed8-5cb9e09164de,scooter,40.007823,-82.998766,,10.51,True,False,False
Veo,f4312c23-30c7-5e7a-9810-cc70dce9132a,bicycle,39.993559,-82.981042,,28.14,True,False,False
Veo,ddc0e70c-a103-5562-b777-18ffe0508c50,scooter,39.988046,-83.001969,,14.43,True,False,False
Veo,74e20cb3-f12c-5a90-b19a-80aba3817418,scooter,39.989334,-83.010735,,15.89,True,False,False
Veo,534a8a36-2954-581a-ab04-4fd47d34c5f3,scooter,39.95571,-83.003763,,28.14,True,False,False
Veo,3e79a114-3e51-5f3f-825a-928ac1ebc116,scooter,39.96764,-82.970664,,27.02,True,False,False
Veo,c2eaf125-38d7-5f79-9e23-e3fa3993f591,scooter,39.99809,-83.009516,,22.39,True,False,False
Veo,15643a1c-a915-59ef-a4ec-b7cfcb959e36,scooter,40.003905,-83.012823,,28.14,True,False,False
Veo,953042de-5060-5133-bde4-52b55cb95367,scooter,39.976356,-83.01085,,25.34,True,False,False
Veo,8c88f7f2-edd5-57fd-b0d6-fe37429be033,scooter,40.001764,-83.01457,,28.14,True,False,False
Veo,58d6f13e-65a3-5871-85eb-aaea102887a5,scooter,39.996583,-83.009526,,28.14,True,False,False
Veo,65ef8208-2660-5b61-a816-b540bb728441,scooter,40.008316,-83.007537,,27.02,True,False,False
Veo,25a9023c-7504-56ea-be50-3199b399d27a,scooter,39.969051,-83.00346,,28.14,True,False,False
Veo,cc905e80-cc4a-51c2-998b-fb204e5140a7,scooter,40.006096,-82.968886,,25.34,True,False,False
Veo,6e8ed29a-5e57-5bc7-826e-abe2d50457b9,scooter,39.969072,-83.003567,,13.1,True,False,False
Veo,2e8d1a20-df5e-5956-908b-f76e08d7bf84,scooter,40.006443,-83.016583,,28.14,True,False,False
Veo,9323d638-8f88-5823-adb5-a5a4cbb09b1c,scooter,39.993928,-82.983381,,28.14,True,False,False
Veo,5effbdb2-70f4-53ac-9199-7b1b25b0a33a,scooter,39.976343,-83.010806,,19.05,True,False,False
Veo,4f92b27a-2e23-54e7-80d6-6fb32139fcc3,scooter,40.006254,-82.983546,,21.15,True,False,False
Veo,1920c74e-ef9d-5ad3-bb62-bbe265646786,scooter,40.015724,-83.003301,,24.06,True,False,False
Veo,942af451-acab-51ef-9c64-d509196aa2ca,scooter,40.002834,-83.018124,,22.05,True,False,False
Veo,e8ee47ad-3434-5d4b-9746-f749a8d91185,scooter,39.999945,-83.003866,,28.14,True,False,False
Veo,e516955d-cc4b-5437-8740-55470c13090f,scooter,40.03541,-83.016726,,24.06,True,False,False
Veo,ce110674-d28c-596f-932b-666b616360ec,scooter,39.9542,-83.013742,,18.19,True,False,False
Veo,a2386e38-87d4-57b9-b304-13d1aa292bb9,scooter,39.978798,-83.014478,,25.74,True,False,False
Veo,5c5cd401-8ac5-56ea-b17b-aa5b4f2050c3,scooter,40.003713,-83.000722,,13.1,True,False,False
Veo,a0e4c16a-7e4d-5ee8-a56f-22d113aa85e8,scooter,39.958565,-83.002647,,23.02,True,False,False
Veo,ab773323-868b-52cb-8fcd-88c5258f66d7,scooter,39.999763,-83.002654,,25.94,True,False,False
Veo,eb5b2b42-f40a-5824-abe4-0676d9cafa8b,scooter,40.018605,-82.975169,,27.44,True,False,False
Veo,661bbebf-d793-512f-874e-6395fa7c158e,scooter,39.944607,-82.989654,,28.14,True,False,False
Veo,d6a879ae-d614-5cf2-8766-fbdd0df2c299,scooter,39.955954,-83.003171,,12.63,True,False,False
Veo,a7080d31-622d-506c-a2f9-9750309a3592,scooter,39.965757,-83.019177,,23.33,True,False,False
Veo,208ed522-3c88-5261-a91a-f19942638c50,scooter,39.968371,-82.998266,,28.14,True,False,False
Veo,e24d25c0-716c-5dbb-9a81-a14e97ebe4e3,scooter,39.999214,-83.016075,,8.78,True,False,False
Veo,6de7b08d-8aa3-57a3-a6ca-d01abd3bddf3,scooter,39.955843,-83.017443,,14.17,True,False,False
Veo,d6d119a1-a5a6-56cf-8669-d6f47eac15b8,scooter,40.005734,-83.013734,,10.31,True,False,False
Veo,86e1f27b-ea4f-50ae-9af4-c4718755edcd,scooter,39.962199,-83.004147,,25.65,True,False,False
Veo,7cf446ae-2f85-5c58-958c-311bd8fadaa2,scooter,39.998588,-82.982436,,16.39,True,False,False
Veo,e4006aaa-94f6-5bc0-914e-214fad2887ea,scooter,39.946593,-83.058611,,25.34,True,False,False
Veo,dbea1bbf-82c2-5a19-bc7a-eb9f6dfd4fd2,scooter,39.958757,-82.999795,,25.65,True,False,False
Veo,bd1c00b4-b8f3-5050-9655-6190dfb6cff7,scooter,40.005708,-83.013695,,28.14,True,False,False
Veo,d068b1f8-74d4-5f70-afe3-2f27c67d0367,scooter,40.003402,-83.015877,,28.14,True,False,False
Veo,2009f433-0e92-5927-9fef-d8bd51c30563,scooter,39.964514,-82.999777,,12.52,True,False,False
Veo,ddfe5ef1-4940-530d-b917-7f8c97c32621,scooter,40.00104,-83.013881,,16.84,True,False,False
Veo,02d45510-f5ce-50df-9601-406239d5c3dc,scooter,39.998412,-83.022209,,28.14,True,False,False
Veo,ca620f73-8876-5d23-891b-68de37841116,scooter,39.993569,-82.981061,,27.77,True,False,False
Veo,0c969d84-709d-5b2d-b0c7-36837438aeed,scooter,39.967619,-83.013445,,28.14,True,False,False
Veo,69f76b05-d6f5-54a6-bb47-c11b2f3e8cde,bicycle,39.999231,-83.015521,,26.78,True,False,False
Veo,a3f7599f-c4de-58af-92be-fa2cb34ed35d,bicycle,39.944455,-82.973132,,28.14,True,False,False
Veo,87cedeeb-fe2a-53e0-996a-e7099dc2db88,scooter,39.978796,-83.004478,,23.02,True,False,False
Veo,3cef0da2-e07f-5a4c-80cd-e00f9eb4bf9d,scooter,39.995047,-83.006459,,13.64,False,True,False
Veo,4c55ca45-f23a-5eb9-a658-2dd4a432a8c0,scooter,39.96914,-83.001009,,24.06,True,False,False
Veo,017bbebc-1b9b-552e-a4c2-8871b88d723e,scooter,39.958873,-82.951585,,27.77,True,False,False
Veo,72786285-a1ad-5c71-8320-8313ee972fcb,scooter,39.965667,-82.887131,,8.78,True,False,False
Veo,e4c5903c-da0d-581e-b801-da7f4062f280,scooter,39.954179,-83.013771,,26.25,True,False,False
Veo,9f9147b9-94c0-567c-bd96-d8fe0827a34b,scooter,39.957306,-83.015119,,24.84,True,False,False
Veo,e5972df1-5d0a-552b-a9a8-0dfc110b4d17,scooter,39.925756,-83.015688,,25.74,True,False,False
Veo,cba1370b-a3fa-5c1a-8b6a-dfa4acffeabd,scooter,40.009597,-83.003089,,14.61,True,False,False
Veo,2783f35c-7de5-50a8-875b-ef507cbdc287,scooter,40.000119,-83.0086,,23.33,True,False,False
Veo,47e0baeb-8789-5aa1-84f0-3e6c12eceb78,scooter,39.966165,-82.996434,,24.33,True,False,False
Veo,7c84a10b-bbbf-5006-a287-a628c148f32c,bicycle,39.972863,-82.895276,,1.83,True,False,False
Veo,5ef29e92-28c9-5ffd-b14c-34bdb716bde6,scooter,39.951207,-82.965812,,15.18,True,False,False
Veo,6ed84359-899e-55c5-87a1-ab9da2087fc9,scooter,39.9801,-83.005593,,10.79,True,False,False
Veo,25c9852d-956c-55e0-a423-975a7893ce26,scooter,39.957411,-83.011438,,25.34,True,False,False
Veo,3876157a-f2c9-5b42-ab31-7c11cc17b3d9,scooter,39.951308,-83.02423,,28.14,True,False,False
Veo,6f4581ba-febf-502f-8e43-b505689bac6f,scooter,39.933269,-82.98066,,10.79,True,False,False
Veo,6b2b3fa6-1b3e-5d56-b558-96316048739d,bicycle,39.944604,-82.989675,,28.14,True,False,False
Veo,fb45dfdb-7ed4-5586-8871-6dcd26471c24,bicycle,39.949441,-83.041725,,28.14,True,False,False
Veo,c8b67e15-422e-5e99-9e3d-6f8a282bd2d1,bicycle,40.003741,-83.00077,,28.14,True,False,False
Veo,61fc6110-b05d-51a5-b81f-7dd27cdcae44,bicycle,40.100344,-83.118068,,28.14,True,False,False
Veo,e3afc6b0-8063-5fca-bc88-00680fe78a85,bicycle,39.998112,-83.009658,,27.18,True,False,False
Veo,b075f4cf-ced8-56e7-86c7-40d496463b7b,bicycle,39.994525,-83.013759,,22.39,True,False,False
Veo,d38dea1e-0d4f-5c23-8cd1-fce72a2f1e98,bicycle,39.978521,-83.019523,,12.87,True,False,False
Veo,c5bd18b0-78f6-5d8c-b81c-3e4cdd9edd2a,bicycle,39.935165,-82.913669,,15.18,True,False,False
Veo,65685385-17c6-5fe1-9ad6-07c12fc2d134,bicycle,40.060535,-83.079062,,9.65,True,False,False
Veo,7e7e5b66-f016-547d-aced-98118f971d88,bicycle,40.032129,-83.015518,,15.18,True,False,False
Veo,48146a1a-1f1b-5050-a3fb-d566401b9c60,bicycle,39.977906,-83.010627,,2.36,True,False,False
Veo,cd5c861b-ac58-5d3f-a2d4-c240d35b8572,bicycle,40.001969,-83.014513,,28.14,True,False,False
Veo,7d9d39c9-78b0-5b25-8992-e4ca072b8574,scooter,40.023632,-83.030397,,26.25,True,False,False
Veo,80cbac53-4cea-5d15-9452-34afb3d40b7b,scooter,39.985475,-82.938375,,28.14,True,False,False
Veo,814302ce-d5aa-5053-a3f0-1b5460502ddb,scooter,39.999919,-83.003868,,26.51,True,False,False
Veo,d587302d-b0d2-5a95-a30c-4980e2800924,scooter,39.96653,-83.003216,,12.28,True,False,False
Veo,a114de3b-acf5-5e16-b32a-102f5ffcce25,scooter,39.958863,-82.951573,,22.39,True,False,False
Veo,315ed482-fb72-58dd-a0ef-77192321165d,scooter,39.958753,-82.999781,,28.14,True,False,False
Veo,7dc9edc9-048c-5edc-963f-f806e0fb5a11,scooter,40.015463,-82.982567,,15.18,True,False,False
Veo,aba6b7ad-3623-57fd-a92c-f9934a167f8c,scooter,39.943983,-83.072035,,21.15,True,False,False
Veo,858cff28-f952-5831-882d-14e6742d827a,scooter,39.998399,-82.996175,,28.14,True,False,False
Veo,72e24d5a-c298-59a4-b7fc-0fcbcad3a254,scooter,39.976374,-83.010786,,23.77,True,False,False
Veo,3a0094ef-7c68-562f-b2ea-49fdfe744b27,scooter,39.994506,-82.99557,,13.1,True,False,False
Veo,84e2fd10-684c-5a9b-94b3-916a55cff552,scooter,39.974283,-83.022987,,5.68,True,False,False
Veo,9d551ab8-dcd7-50db-a8f8-54ab0eef2d83,scooter,39.994697,-83.007844,,12.52,True,False,False
Veo,89534f9f-4731-5bc4-83ff-c59a6f90bfac,scooter,39.945148,-83.064606,,28.14,True,False,False
Veo,9a75ff1a-9385-534b-8f61-f160c1528a68,scooter,39.945916,-83.009037,,20.37,True,False,False
Veo,ba1898d7-2657-591b-819e-8c75d00f2c37,scooter,39.997803,-83.021176,,28.14,True,False,False
Veo,cb9e2d66-e7e0-58a7-9725-702c7a5711e9,scooter,40.001866,-83.016494,,24.84,True,False,False
Veo,50ff80ce-66ba-56ae-ba49-3b9b1aa631fc,scooter,39.99071,-83.018859,,16.39,False,False,True
Veo,09ade54a-7dae-5b05-9278-58ab3414fffe,scooter,39.958491,-82.958165,,22.39,True,False,False
Veo,8c375094-3c55-5227-b607-21cbfe093384,scooter,39.97916,-83.002914,,13.39,True,False,False
Veo,08d840de-25d4-52b5-a74f-b488bfad1d86,scooter,40.003848,-83.013238,,12.52,True,False,False
Veo,8a8b8af9-398a-5c37-ae88-db7d4db719b2,scooter,39.98566,-82.995395,,28.01,True,False,False
Veo,0296c863-8845-5abf-b4b1-c8377b5e67fe,scooter,39.96477,-83.001794,,28.14,True,False,False
Veo,a2071143-9116-54e3-89fb-3b09bae38771,scooter,39.967564,-82.979453,,25.34,True,False,False
Veo,1026cb6e-a9ca-56d8-a3e0-c5c2875521cc,scooter,39.982459,-82.998817,,22.7,True,False,False
Veo,ddb3f76f-98fe-5fce-b29b-72c73114f773,scooter,40.005593,-83.009005,,25.74,True,False,False
Veo,06cbbbce-f211-5f5d-8626-12bdec10b058,scooter,39.986875,-83.009446,,28.14,True,False,False
Veo,0e0fd45e-2e72-5501-9e43-064d5a4f754e,scooter,40.053233,-83.049423,,28.14,True,False,False
Veo,3b80d65e-daae-5a56-afd9-efa0236b7f86,scooter,39.946609,-83.000241,,15.18,True,False,False
Veo,29a3b141-97b6-5c69-ac14-7fae577da705,scooter,39.966214,-82.998779,,26.51,True,False,False
Veo,c7b1ec4e-fecb-5b2a-81a5-4e54864f2deb,scooter,39.952977,-83.032434,,1.83,True,False,False
Veo,835ba1d5-ca16-5bc7-9286-b114269817a7,scooter,40.001963,-83.011475,,20.37,True,False,False
Veo,d7e2a791-f2b7-5ce9-80be-f77e42b895d7,scooter,40.002302,-83.011776,,25.34,True,False,False
Veo,f11f38b8-b846-5b73-ab3b-46a9d6cf44ba,scooter,40.015829,-83.030561,,25.12,True,False,False
Veo,06ecdded-17d0-5787-ab5a-ace4601c19ed,scooter,40.001154,-83.008402,,15.89,True,False,False
Veo,4c6e6afa-5d4f-5dc5-9753-be448e993e2c,scooter,40.006775,-83.010883,,14.61,True,False,False
Veo,68894c6a-ad4d-5821-85d3-258319f92c3e,scooter,39.951909,-82.998514,,28.14,True,False,False
Spin,00c37811-b4ef-4cd9-9b83-b83b684090c7,scooter,40.01555,-82.966293,43.0,11.71,True,False,False
Spin,bf10779a-1a1e-46c9-a4fc-4fa67af3d359,scooter,40.015586,-82.966342,20.0,5.82,True,False,False
Spin,4d07cc3d-d59a-4c04-8c56-9d7c6497ca62,scooter,40.017032,-82.965614,74.0,20.19,True,False,False
Spin,312fdf25-7274-4503-bf17-6c33324d1b42,scooter,40.012928,-82.968129,27.0,7.66,True,False,False
Spin,636c2064-f86e-4326-a57d-0a680489328c,scooter,40.017125,-82.967662,67.0,18.99,True,False,False
Spin,03455ae0-83f7-4768-9acf-b8fcbabf9a24,e-bike,39.95636666666667,-83.01113500000001,56.0,15.22,True,False,False
Spin,2b182845-a104-4ce5-8cd6-8d801e73034f,scooter,39.947729,-83.050948,51.0,14.4,True,False,False
Spin,e8fbc60e-6a70-41e4-a3fe-470c885d5c27,scooter,39.995416,-83.006352,20.0,5.56,True,False,False
Spin,6af2ee83-e916-4e60-a211-4b14a605fd19,scooter,40.024167,-83.001249,25.0,7.05,True,False,False
Spin,f7bcf86e-f9d1-49fa-a6ee-e645e17a6102,scooter,40.00048,-82.97991,26.0,7.02,True,False,False
Spin,2f1b2c4c-b3ea-48c4-b800-d27b2e834d89,scooter,40.005874,-83.009235,71.0,20.22,True,False,False
Spin,f3b7cf2a-0728-4c4d-8e5e-108d172a091b,scooter,40.034896,-82.956319,52.0,14.05,True,False,False
Spin,1cc0966c-90bb-4ff9-8605-aecfd27ae94b,scooter,39.937926,-82.976647,68.0,19.3,True,False,False
Spin,be108828-1062-400e-b143-2dd82b0044b6,scooter,39.99156773333333,-83.01404490000002,48.0,13.17,True,False,False
Spin,af925dd1-b285-4806-bf68-6286cf31f150,scooter,39.959499,-83.024885,38.0,10.72,True,False,False
Spin,77481e86-c373-4dee-bb95-76a43b997702,e-bike,39.98783255,-83.00022410000001,73.0,19.9,True,False,False
Spin,cdee3797-53c0-4202-ac0d-cc8a83b15cd2,scooter,40.006664,-83.009413,67.0,18.15,True,False,False
Spin,60dff97e-b2dc-4ae1-81c4-ead7324d531a,e-bike,40.0288633,-82.96296423333334,32.0,8.78,True,False,False
Spin,7171c810-c59e-4aae-a7a1-daeb20dfbdc8,scooter,39.97381,-83.007867,53.0,14.34,True,False,False
Spin,40afd044-9189-443f-9c17-e05b99389d38,e-bike,39.96044833333334,-83.01258833333334,61.0,16.68,True,False,False
Spin,c0636a59-846d-4a5e-a657-c29782b23a93,scooter,39.977136,-83.004405,66.0,18.69,True,False,False
Spin,a89ede1f-0e2f-4acb-98c4-4af7220e5c97,scooter,40.001119900000006,-82.99877983333333,75.0,20.49,True,False,False
Spin,605f0a74-fb6a-4026-9c2e-77e7547b0bea,e-bike,40.004691099999995,-83.0022293,41.0,11.12,True,False,False
Spin,168e1dbc-439b-472c-ac3c-3233d30f1c87,scooter,40.006236,-83.016729,32.0,8.78,True,False,False
Spin,dd573694-ee4a-4493-80da-07a91c9ffa9e,scooter,39.95891523333333,-83.01183539999998,32.0,8.78,True,False,False
Spin,a2153dee-9001-4650-aba1-6ff94f49a5b3,scooter,40.00144,-82.999782,44.0,12.0,True,False,False
Spin,72e6eccd-4cc4-4cc4-8c69-a97a35714d45,scooter,39.977502,-83.001627,66.0,18.69,True,False,False
Spin,71f892ee-29ff-42bc-8644-37e51a9e3b13,scooter,40.006127500000005,-83.00839319999999,76.0,20.78,True,False,False
Spin,286bcdb2-f38d-4cbe-ae43-643c0be34fba,e-bike,39.95829833333333,-83.01279333333332,57.0,15.51,True,False,False
Spin,6c089c7c-9afe-42e8-9172-56ff76ae7734,scooter,39.948976,-83.044029,52.0,14.05,True,False,False
Spin,5463724e-dc23-4288-ae14-38de23674a8b,scooter,39.978964,-83.003352,34.0,9.37,True,False,False
Spin,a2f92a98-e4c2-40a6-893a-bc795c94f899,scooter,39.997616,-83.002965,58.0,16.54,True,False,False
Spin,a76a5f8a-04e1-454d-82a5-746fec4bf258,e-bike,39.94629533333333,-83.00926390000001,77.0,21.07,True,False,False
Spin,f68a2f6e-f424-411c-a2d5-9283f3011659,e-bike,39.948,-83.04934333333334,98.0,26.63,True,False,False
Spin,59d6133d-a633-48cb-9f8d-d780b6728c39,scooter,40.000190399999994,-83.00128600000001,60.0,16.39,True,False,False
Spin,1bfe0411-844c-4ea8-bc4b-0a1db9e79122,scooter,39.994616,-83.00381,58.0,15.8,True,False,False
Spin,6eb2cfea-57e3-483c-97af-a36c75eca157,scooter,40.006592999999995,-83.02043039999998,38.0,10.24,True,False,False
Spin,590145c5-c898-4aa9-aead-74609e3987aa,scooter,40.0031593,-83.00799890000002,70.0,19.02,True,False,False
Spin,b9189995-da2e-42d1-a6d4-bd7185e31074,e-bike,39.96721143333333,-83.01342619999998,73.0,19.9,True,False,False
Spin,1f99ce6e-0862-4999-88b7-ae362e810249,scooter,39.97253835,-83.0076892,34.0,9.37,True,False,False
Spin,a5e4d443-15e1-43f4-8455-de418cc13817,scooter,39.996786,-83.049003,53.0,15.01,True,False,False
Spin,f1a74330-1ddb-433f-92a0-4a282bcd0d12,scooter,40.006326,-83.009216,42.0,11.41,True,False,False
Spin,e92d6c6a-d48d-4ea0-a6b6-91fc5f90f45b,scooter,40.006277,-83.009292,37.0,9.95,True,False,False
Spin,aeaf4d9d-997b-4dc3-9503-ed8f7aaa8529,scooter,40.006316,-83.009211,57.0,15.51,True,False,False
Spin,52c82c01-a9cf-4185-8399-0941f863d490,e-bike,39.95742,-83.01280999999999,61.0,16.68,True,False,False
Spin,c2c5652d-1b5e-4316-bdf6-731cc1a3a88f,scooter,39.99156203333334,-83.01403039999998,73.0,19.9,True,False,False
Spin,e5cb6888-57dd-4433-b972-af6f923dbd8a,e-bike,40.023535300000006,-82.99651863333332,83.0,22.54,True,False,False
Spin,fd86d323-48d0-4c70-9a1b-8dce0ee3169d,e-bike,40.0065469,-83.00984480000001,51.0,13.76,True,False,False
Spin,2e88d007-048c-44c7-8042-3f6edee95dcf,scooter,40.014632,-82.990887,57.0,15.51,True,False,False
Spin,67fef836-4edf-4d0a-8ff0-5f05f2d33037,scooter,40.014694,-82.990849,69.0,18.73,True,False,False
Spin,b879c084-d170-4713-a536-f807f463a2e6,scooter,40.014631,-82.99086,71.0,19.32,True,False,False
Spin,bc308505-ed85-45c0-9cbc-1fb780524b70,scooter,40.014563,-82.985702,46.0,12.58,True,False,False
Spin,93c8dd12-58cd-490a-bc5d-91eafa885c01,scooter,40.014572,-82.985724,52.0,14.05,True,False,False
Spin,3e6c50d4-c6f2-44b5-b08f-91219a3311dd,scooter,40.014578,-82.985771,17.0,4.68,True,False,False
Spin,2a80fadb-3c7d-4730-8b80-49d69dd2438e,scooter,40.014657,-82.990896,76.0,20.78,True,False,False
Spin,f12bd805-66d0-4afd-902d-2c3253b72ae8,scooter,40.025502,-82.962161,16.0,4.6,True,False,False
Spin,bd562683-f4b1-438a-8b6e-d907458ce89f,scooter,40.014571,-82.985727,41.0,11.12,True,False,False
Spin,45c56f69-b400-4d09-b1b4-64023fb910c9,e-bike,40.018621100000004,-82.98957565,85.0,23.12,True,False,False
Spin,41038d3a-48f8-45ba-9896-4a1a5d7915be,e-bike,39.96841343333333,-83.0097678,54.0,14.63,True,False,False
Spin,c5589167-e1a4-44fb-95dc-6652817f46e0,e-bike,39.968422933333336,-83.0097676,22.0,5.85,True,False,False
Spin,3e2acc45-e440-4c92-bdf2-b81743fa7b85,e-bike,39.96842003333334,-83.0097665,80.0,21.66,True,False,False
Spin,7c35787f-4d9a-4884-83e6-b3732db4ae98,e-bike,39.968405833333335,-83.00975080000002,76.0,20.78,True,False,False
Spin,c22fd492-2c21-4359-8cb4-615d4c474e36,e-bike,39.96842063333334,-83.00976199999998,53.0,14.34,True,False,False
Spin,e20d30d7-c626-4334-82be-711b61c81f3f,e-bike,39.968427733333336,-83.00975519999999,39.0,10.54,True,False,False
Spin,8fb29cf9-22c5-4edd-a49c-cfea38c64a71,scooter,39.977115,-83.00433,34.0,9.37,True,False,False
Spin,2ccdc0f2-bb6b-4fe6-b574-84282e605601,e-bike,39.96735643333333,-83.01915609999999,89.0,24.29,True,False,False
Spin,7861ac65-e485-4558-b5f9-bcf466a515fe,e-bike,39.967765,-83.01214499999999,75.0,20.49,True,False,False
Spin,b25f004b-4f42-4b83-94f2-43ddf6632e88,scooter,40.014529,-82.988045,49.0,14.09,True,False,False
Spin,16f84725-e318-43c3-9432-592cfcc769c5,scooter,40.014531,-82.988336,49.0,13.46,True,False,False
Spin,17c46fcf-a113-4a02-9959-7368b048984e,e-bike,39.97089615,-83.00102659999999,47.0,12.88,True,False,False
Spin,d1023b32-f3b6-4208-b303-2362f3b6bef5,e-bike,39.96841058333334,-83.00975048333333,85.0,23.12,True,False,False
Spin,737e3107-a447-44a0-ba88-8fa0f8b61b25,e-bike,39.96774666666667,-83.01218500000002,81.0,21.95,True,False,False
Spin,49361d29-cca8-4c1b-a4e0-8119907ff2b2,scooter,39.979071,-83.004181,23.0,6.43,True,False,False
Spin,4efd4498-68dd-4d1c-a74c-84d0c41d78af,e-bike,39.957575,-83.01145999999999,40.0,10.83,True,False,False
Spin,6d5c39b5-eb53-4f5d-913b-0d9ed8f08435,scooter,39.958784,-83.030613,15.0,4.1,True,False,False
Spin,65dafb71-9f30-4fe5-9cc8-d22f95d758f3,e-bike,39.967349733333336,-83.019153,80.0,21.66,True,False,False
Spin,db0cefee-04ad-4790-b82d-65cb210d39cf,scooter,39.981804,-83.005511,28.0,7.96,True,False,False
Spin,3446fcb6-89e4-4ba7-99dd-daef666a56ff,scooter,39.998768,-83.003414,72.0,19.61,True,False,False
Spin,2f7c6f6a-78d6-4888-9c52-c1a3fdf3ab4a,e-bike,40.018029999999996,-82.97155166666668,66.0,17.85,True,False,False
Spin,1f881a5b-b6cb-452b-bf6e-ed26480e44c3,scooter,39.971112250000004,-83.0073291,77.0,21.07,True,False,False
Spin,d6ee8b5f-17cb-4236-92df-6b6f2c8357f6,e-bike,39.95634666666667,-83.00298666666667,15.0,4.1,True,False,False
Spin,16b2b475-5515-49be-b905-cbf0a4697f26,e-bike,39.958111933333335,-83.0057891,22.0,5.85,True,False,False
Spin,f86355a7-3cb0-46ee-a4b8-95c597c58837,e-bike,39.96781333333333,-82.97711,88.0,24.0,True,False,False
Spin,c67af703-e919-4383-a27f-ea6a8e6f4494,e-bike,39.96779853333333,-82.97710105,55.0,14.93,True,False,False
Spin,78dffe42-5198-4eab-9ff4-e0296b4363de,e-bike,39.96782013333333,-82.97710185,25.0,6.73,True,False,False
Spin,4ac39cd5-4d3f-4212-84c7-1382fb480399,e-bike,39.96779423333333,-82.97710254999998,58.0,15.8,True,False,False
Spin,3cbd001d-6f08-4ddb-83e4-6bc85aa59fb9,e-bike,39.967847033333335,-82.97709394999998,72.0,19.61,True,False,False
Spin,018e08db-9bb9-468e-8fa0-62b6d1947ca1,e-bike,39.96780383333333,-82.97713815,28.0,7.61,True,False,False
Spin,802dde97-be6a-4bd8-8bd7-4b7a6657ff13,e-bike,39.963252133333334,-82.98131103333331,49.0,13.46,True,False,False
Spin,28d14ac9-f54b-4c3b-9e3f-a192dd665ada,e-bike,39.96322403333333,-82.98137643333332,22.0,5.85,True,False,False
Spin,344e247f-c36c-4a00-a0e7-671a34cd3bed,e-bike,39.96325311666667,-82.98133043333334,32.0,8.78,True,False,False
Spin,cb1db751-c943-481d-8072-69d1d6c32ca4,scooter,39.996689,-83.048863,76.0,20.78,True,False,False
Spin,9bad2b25-e342-43e9-a39d-3d1067c881db,e-bike,39.96317,-82.98169166666666,43.0,11.71,True,False,False
Spin,38aa637f-8fa4-44a3-b533-42437f33d096,e-bike,39.95599143333333,-83.01224840000002,88.0,24.0,True,False,False
Spin,491395ec-facd-4714-b59a-7695357e5f4d,e-bike,39.95741651666666,-83.01286655,33.0,9.07,True,False,False
Spin,c95816ca-efee-4318-b174-37403fcd0b78,e-bike,39.9574,-83.01282938333334,87.0,23.71,True,False,False
Spin,ef6234de-4f14-45c4-b40f-1ab3d7cc8b66,e-bike,39.95740648333333,-83.01287403333332,22.0,5.85,True,False,False
Spin,ab5490af-3a0d-465c-b07c-f088cc4f9110,scooter,39.985468,-82.968128,34.0,9.37,True,False,False
Spin,a6aa3cc2-9d16-46a4-a494-04fae0c967a0,scooter,39.956546,-83.008811,20.0,5.82,True,False,False
Spin,53c3c866-65b8-464a-a662-373543dd90b8,e-bike,39.942750000000004,-82.9836,48.0,13.17,True,False,False
Spin,e1f31f68-f663-43eb-9aad-d9ed0eea7bf2,scooter,39.958902,-83.024614,49.0,13.46,True,False,False
Spin,b7c88691-e179-4b96-9385-14fba44d9b51,scooter,39.957156,-83.041389,58.0,15.8,True,False,False
Spin,5a8cfa79-0fb5-44b3-af37-1442a04815d6,scooter,39.957136,-83.041452,28.0,7.61,True,False,False
Spin,095a11be-2aaa-48d6-a13d-85a7bc41e358,scooter,39.957144,-83.04143,85.0,23.12,True,False,False
Spin,d301247b-7916-44c3-b5e1-e7a0fc5fa083,scooter,39.957163,-83.041427,51.0,13.76,True,False,False
Spin,3d7bf391-f3b7-433e-90ca-fcb2185050f2,e-bike,40.006536800000006,-82.99732043333333,22.0,5.85,True,False,False
Spin,76f6f063-fd36-4b54-98bd-9aff81cb76b8,e-bike,39.94940999999999,-83.04178333333333,76.0,20.78,True,False,False
Spin,d424aacc-2966-4e29-83b6-f46e89531639,scooter,39.947999,-83.049333,94.0,25.46,True,False,False
Spin,af47dc49-3440-44c4-b56b-35e838b0ac6e,scooter,39.947745,-83.050902,51.0,14.4,True,False,False
Spin,2045f02e-be60-4a73-87af-ef799e05e0aa,scooter,39.947743,-83.050908,47.0,13.48,True,False,False
Spin,97bf8c1e-d837-4c51-9dd2-4413707c9382,e-bike,40.0392748,-82.99549983333333,71.0,19.32,True,False,False
Spin,1a8e7c23-945c-45b0-bba2-63db9b59d4b7,e-bike,39.91296673333333,-82.99519333333335,58.0,15.8,True,False,False
Spin,116a182b-07e2-4cbf-beb1-65cec372d547,scooter,39.954656,-83.050327,80.0,21.66,True,False,False
Spin,db218f75-c150-4fd2-9fc3-85cf5febab0d,e-bike,39.97422855,-83.0189528,46.0,12.58,True,False,False
Spin,4cadadde-cbe4-4b09-9a84-40c804825fde,e-bike,39.94965,-83.04050166666666,26.0,7.02,True,False,False
Spin,6cbb7bd1-c70a-4bd4-ac5e-da9c29b055a1,scooter,39.949625,-83.04062,59.0,16.1,True,False,False
Spin,e76c815b-48e4-4b46-a4f2-8e6982f586cc,scooter,39.949651,-83.040574,70.0,19.91,True,False,False
Spin,746a9980-db61-4b75-99d3-ae828c27b514,scooter,39.949724,-83.040647,20.0,5.56,True,False,False
Spin,788a58e2-53df-490e-817b-b1e91db2ecb4,e-bike,40.03230333333333,-83.00063999999999,47.0,12.88,True,False,False
Spin,f12d3e74-ef84-47f0-bf62-eed38d1ce780,scooter,39.957154,-83.015096,70.0,19.02,True,False,False
Spin,d233b5dc-246e-4cf5-ab9f-5980bf6a141d,scooter,39.971568250000004,-83.00564019999999,90.0,24.58,True,False,False
Spin,be9cdf32-b94e-45df-963d-d8fe31e6c3cc,scooter,39.954989,-83.082264,18.0,4.98,True,False,False
Spin,2a713021-1857-44b4-9b2d-5a795cb92553,e-bike,40.026275000000005,-82.97716166666666,39.0,10.54,True,False,False
Spin,1d33ec59-7ca6-48f4-b31e-de65fec78b2e,e-bike,40.02626166666666,-82.97713833333334,58.0,15.8,True,False,False
Spin,6f5ca3b1-0ddf-482e-a70f-2b3ddd044410,scooter,39.976226,-83.004045,73.0,20.83,True,False,False
Spin,b315daca-f246-460c-8713-8b6c55b24f22,scooter,39.963338,-82.991453,53.0,14.34,True,False,False
Spin,db41dac0-c2aa-4447-b773-218453ff06fa,e-bike,39.967392933333336,-83.01917380000002,60.0,16.39,True,False,False
Spin,7239a130-17a3-46a8-805f-03e90ada9e5c,e-bike,40.004393199999996,-82.99851973333334,86.0,23.41,True,False,False
Spin,2533497a-aced-4530-bb06-f3ab0dacbdb3,e-bike,39.963656666666665,-83.00343166666669,37.0,9.95,True,False,False
Spin,9fa7f723-c8a5-4122-bcf6-77bcb01d1258,scooter,39.95862183333334,-83.01309770000002,75.0,20.49,True,False,False
Spin,aca03659-831d-4845-9e04-0d40d80a34fc,scooter,39.946799,-82.980175,54.0,15.32,True,False,False
Spin,14ee9884-1352-4ca0-8d20-f43995f5171f,e-bike,39.96783493333333,-82.97712404999999,46.0,12.58,True,False,False
Spin,ba838711-2a85-446e-a1be-006dd0d43372,scooter,40.002929200000004,-83.00381199999998,91.0,24.88,True,False,False
Spin,21160a14-cf08-400e-aed0-cdccd01de9c1,e-bike,39.96901773333333,-82.95219033333333,89.0,24.29,True,False,False
Spin,8b0f2ad7-dc96-4a60-a7aa-c8e9fc33ab4a,e-bike,39.969701533333335,-82.96369943333333,86.0,23.41,True,False,False
Spin,fbbf18c2-65e0-43ce-99ed-139bcac50786,scooter,39.969409,-82.99706,60.0,17.15,True,False,False
Spin,12f1e139-1945-49a8-96bf-162818d8dfb9,e-bike,39.949745,-82.99916166666665,68.0,18.44,True,False,False
Spin,f2167045-b5ec-4740-8634-2ad297b6e473,scooter,39.968147,-83.009417,91.0,24.88,True,False,False
Spin,75d9fb09-3d0b-4dba-86b8-f7a6295a4976,scooter,39.95593163333333,-83.0105535,91.0,24.88,True,False,False
Spin,b3c018a0-43ea-4041-8be2-2e9350bed8a0,e-bike,40.067083333333336,-83.02826166666667,24.0,6.44,True,False,False
Spin,25dd36f0-4ae4-4547-832d-6aa412be2ec6,scooter,39.952278,-83.016665,67.0,18.15,True,False,False
Spin,78ee0c99-cc6c-42dd-b36a-b4e25610ae2e,e-bike,39.944185,-82.99902166666668,28.0,7.61,True,False,False
Spin,c675ffe0-fe93-4867-bd07-dd32f37e280c,e-bike,39.955659999999995,-83.00440666666667,26.0,7.02,True,False,False
Spin,a02c0523-cd5e-4894-ac8f-04d76a841fc0,e-bike,40.0624408,-83.0562134,24.0,6.44,True,False,False
Spin,aa8d177e-9cac-4986-9e7f-325ff9d4a108,e-bike,39.955989433333336,-83.0122731,84.0,22.83,True,False,False
Spin,13c47507-766d-4997-a86b-120d0a892df1,e-bike,39.960885,-83.00309833333334,43.0,11.71,True,False,False
Spin,31eff1f6-3f08-4360-822a-90b6d7453c62,e-bike,39.955958833333334,-83.0123234,30.0,8.19,True,False,False
Spin,924f9785-2dfc-43e8-bb7d-ccff956c1bda,scooter,39.992092,-83.012244,52.0,14.7,True,False,False
Spin,044f312b-438f-43e9-8d71-134e023c710e,scooter,39.948271,-82.970868,73.0,19.9,True,False,False
Spin,e77375d7-f80a-4e86-97a9-37289c1ff314,scooter,39.936154,-82.969928,97.0,26.34,True,False,False
Spin,74e6d5c0-cd36-44fd-8124-47edaded3e3c,scooter,39.936166,-82.969911,82.0,22.24,True,False,False
Spin,6b0319e1-bd19-4588-87d0-da2f30448933,e-bike,39.95602123333333,-83.01233750000002,46.0,12.58,True,False,False
Spin,62cf152b-5b8e-4bab-981f-ec562963c106,e-bike,39.95602005,-83.01234131666666,56.0,15.22,True,False,False
Spin,b8ab3c9f-5690-4122-85ea-90ae3711d870,e-bike,39.95596763333333,-83.01233589999998,65.0,17.56,True,False,False
Spin,4773c03b-6320-4938-9d32-d967dc08c5e4,scooter,39.936353,-82.982915,94.0,25.46,True,False,False
Spin,474627ba-bf88-40e9-aed7-26b8baa8cc54,e-bike,39.95849513333334,-83.03199099999999,54.0,14.63,True,False,False
Spin,3e533b67-31b9-4368-9084-562dcf4421d2,e-bike,39.95848173333333,-83.0320172,59.0,16.1,True,False,False
Spin,e8173900-e824-41d1-ab84-a8a1495ddd30,scooter,39.948348,-83.007891,90.0,25.73,True,False,False
Spin,46051b1b-160e-46b5-b7ec-f742a1bdf5eb,e-bike,39.95707573333333,-83.0036933,71.0,19.32,True,False,False
Spin,b397ff5e-a12a-403c-a4ca-5b06ad157a9e,e-bike,39.95757603333333,-83.01144199999999,89.0,24.29,True,False,False
Spin,d3b4f246-1ea8-425d-98e9-c60fd68bda87,scooter,39.95860613333333,-83.01306699999999,89.0,24.29,True,False,False
Spin,399cb62a-0500-4412-a6a5-6c094702ebb9,scooter,39.96745703333333,-83.01575509999999,91.0,24.88,True,False,False
Spin,eb62fab7-0317-4f3d-a033-fdee92bd6b66,scooter,39.967519233333334,-83.01558940000001,94.0,25.46,True,False,False
Spin,fb6d9a47-1030-42dd-bd30-1abced78f1e2,scooter,39.99304743333333,-83.00441719999999,92.0,25.17,True,False,False
Spin,4e6df9d9-bb64-4801-894e-868dfc15ee2b,scooter,40.014569,-82.988054,91.0,26.04,True,False,False
Spin,96263ba4-5c87-48e8-9f73-b0ea8c830ad9,scooter,40.017049,-82.965583,94.0,26.65,True,False,False
Spin,4a3be582-3457-4cf9-b8a7-1dc95ab4b841,e-bike,39.960735,-83.01256333333335,40.0,10.83,True,False,False
Spin,99c1e108-7e61-419b-a26c-5c7d4de8adde,scooter,39.999395,-83.002898,89.0,25.43,True,False,False
Spin,2429dbed-711d-4e87-9c03-36a5f15b0f40,scooter,40.001956,-83.000629,90.0,25.73,True,False,False
Spin,d9f38434-bc93-4b62-bd74-df81bfd22ed9,e-bike,39.95790003333333,-82.99521363333334,86.0,23.41,True,False,False
Spin,18d7e89a-c4c2-46d7-a359-f6c24f68bbd5,scooter,40.00509,-83.005278,94.0,26.65,True,False,False
Spin,e1a8fe39-30a3-42a4-96d6-b1d6d4e99d22,scooter,40.015279,-82.990523,84.0,22.83,True,False,False
Spin,eb5bdb0c-2fcc-4790-97c0-67fe2d9799e6,scooter,40.01467,-82.981555,98.0,26.63,True,False,False
Spin,6a6d17ce-1fae-47ca-b517-ee62a1d85e04,scooter,40.018387,-82.969921,76.0,20.78,True,False,False
Spin,b2154b6e-3adc-45b4-9129-b182077189bf,scooter,40.034739,-82.964281,95.0,25.75,True,False,False
Spin,7ef304bc-31ee-40c6-a4ea-90c1eb59a5c6,e-bike,39.986180833333336,-83.0318828,78.0,21.36,True,False,False
Spin,ca4e3a33-9e59-437b-b49f-79e3dbffdbd1,e-bike,39.959714999999996,-82.992005,87.0,23.71,True,False,False
Spin,1afb60fa-e2b0-4eec-8f50-89bd7d9dcc27,scooter,39.988593,-82.99503,98.0,26.63,True,False,False
Spin,fc13e14c-c929-4c36-a5b7-57427d3977a7,scooter,39.997811,-82.99571,87.0,23.71,True,False,False
Spin,79bdce36-2769-4f88-8987-e977e21a6b01,e-bike,39.957426033333334,-83.01284179999999,33.0,9.07,True,False,False
Spin,99861aaf-6584-4ded-a0e9-6cd92865de78,e-bike,39.980693333333335,-82.99843166666666,27.0,7.32,True,False,False
Spin,04bc068e-287f-4961-b530-a55e4972f0ea,scooter,39.93323,-82.996042,72.0,19.61,True,False,False
Spin,227baa59-bd5f-4326-a73c-93afd7efbb6e,e-bike,39.94274,-82.9836,25.0,6.73,True,False,False
Spin,d48ebe08-7175-4be3-b0cc-af33155781e1,e-bike,39.974532849999996,-83.00390889999998,37.0,9.95,True,False,False
Spin,30dd1b6e-9b96-483d-abe8-b1cd1c11fec1,scooter,40.041206,-83.019079,19.0,5.51,True,False,False
Spin,fb042cab-e9aa-4e9b-8285-b2e951187a69,scooter,40.041178,-83.019116,91.0,26.04,True,False,False
Spin,bfb3e276-37df-452a-bc37-b3f27172cd0e,e-bike,39.99145993333333,-83.01739360000002,69.0,18.73,True,False,False
Spin,2da895b7-efde-4321-b0c9-bb2db4899b07,e-bike,40.01654793333333,-83.01200851666665,23.0,6.15,True,False,False
Spin,ac6e5060-6658-4582-ad4f-bf6525934ac6,e-bike,40.0146093,-83.0110892,53.0,14.34,True,False,False
Spin,7b3795b8-500e-4c5f-87f7-d717d03763c7,e-bike,40.034758333333336,-82.95446500000001,47.0,12.88,True,False,False
Spin,78340181-beae-4350-87f6-830b8105324a,scooter,39.99894913333333,-83.001759,83.0,22.54,True,False,False
Spin,85f09919-6664-42ca-8395-c808145dbe53,scooter,39.952298,-82.986782,81.0,21.95,True,False,False
Spin,d536fee2-9b7a-4cde-bd7f-bf1378c815d2,scooter,39.955852533333335,-83.0020096,41.0,11.12,True,False,False
Spin,ed53e881-e1df-45c5-9f9e-3224fef06a24,scooter,40.008526,-82.965398,23.0,6.43,True,False,False
Spin,553a852a-1ad6-4360-819a-590c94df51e7,e-bike,39.94143999999999,-82.98329666666665,22.0,5.85,True,False,False
Spin,34b4a5db-3178-43c8-8eed-9d3bcc5ad559,scooter,39.941475,-82.983263,78.0,22.36,True,False,False
Spin,7e07a6ed-cb12-4eee-86b6-218e7a8e40cf,scooter,40.014566,-82.98575,51.0,13.76,True,False,False
Spin,d4f60393-2034-4621-85bb-65ed004e2834,e-bike,39.96312413333333,-82.98174023333334,22.0,5.85,True,False,False
Spin,fba6d55f-0e42-42bc-9971-fc511b8b8e22,e-bike,39.963045433333335,-82.98180953333333,61.0,16.68,True,False,False
Spin,8987cbf3-61bf-4bfe-860b-e982d81ac893,e-bike,39.99092743333333,-83.00888590000001,45.0,12.29,True,False,False
Spin,3392f8f6-ff39-4510-9dc9-19ecfb2b4093,e-bike,39.96531985,-82.96452223333333,94.0,25.46,True,False,False
Spin,c6ad78e7-6639-48e5-9384-f593401229c4,e-bike,40.0601404,-82.95653843333334,38.0,10.24,True,False,False
Spin,35eb01b4-e26b-46aa-a4f3-536b8e9fc26e,e-bike,39.968420433333335,-83.0097734,92.0,25.17,True,False,False
Spin,644e0ae9-7040-4156-92b3-f1c3683a0404,scooter,39.972128,-82.977387,57.0,15.51,True,False,False
Spin,bc094e92-a386-43d2-aa2d-5af9f95fb9f7,e-bike,39.97086795,-83.00099829999999,70.0,19.02,True,False,False
Spin,22d0af40-5ff2-4b70-bb8a-fb2adcaf9c24,e-bike,39.97583325,-83.00255940000001,28.0,7.61,True,False,False
Spin,da111439-eed9-49b7-bacf-e2672b5e764e,e-bike,39.98964915,-83.01740489999999,75.0,20.49,True,False,False
Spin,a933c20b-4c1a-4a02-9bd6-2fab4e6325b0,scooter,39.96978253333334,-83.0015173,16.0,4.39,True,False,False
Spin,5c486517-b678-4363-a073-0c3060876605,e-bike,39.999691033333335,-82.99980343333333,40.0,10.83,True,False,False
Spin,5a7d7663-d30f-4a14-a2f2-e60b0e2b0079,e-bike,39.98299743333334,-83.0057091,67.0,18.15,True,False,False
Spin,d059bbc5-653b-454e-bb5a-a1a2c7f38927,e-bike,40.0115472,-83.01525240000001,55.0,14.93,True,False,False
Spin,3f02308a-6dd6-4548-bc0b-1bb5f0aa778b,e-bike,39.98357153333333,-83.00134950000002,31.0,8.49,True,False,False
Spin,3c5336ec-06a9-43ad-ad3c-09524104616a,scooter,39.985479,-83.006307,28.0,7.61,True,False,False
Spin,da98161d-57d9-472c-99ff-21ec6f193783,e-bike,39.96769903333333,-83.0133243,63.0,17.27,True,False,False
Spin,6cadd5a4-4b3f-43af-a154-1ccf9b603553,scooter,40.014097,-83.006696,46.0,12.58,True,False,False
Spin,9c16c9e2-9233-4101-8644-ffff9f42dede,scooter,40.0110244,-83.0145972,69.0,18.73,True,False,False
Spin,d7099ad1-833e-4cba-be23-aea39d9c8ef9,e-bike,39.96895666666667,-83.00420000000001,52.0,14.05,True,False,False
Spin,7d8a55bd-b44e-4add-b690-6ebba77350b7,e-bike,39.957176233333335,-83.0036683,47.0,12.88,True,False,False
Spin,058c1336-f5e5-4f13-a783-0f3d3f7bd118,e-bike,39.99774453333334,-83.0059337,43.0,11.71,True,False,False
Spin,f39875f7-f240-4a4c-9227-b8378c55bdd5,scooter,39.94656,-83.000291,74.0,20.19,True,False,False
Spin,cc1975f1-4199-4002-af68-5323a4898093,e-bike,40.0145997,-82.98576415000001,73.0,19.9,True,False,False
Spin,28eb5156-a738-466f-8073-3f2322450cd4,e-bike,39.99047073333334,-82.99560643333334,47.0,12.88,True,False,False
Spin,b33d3325-4c24-44f8-b0f5-4814d870c57d,e-bike,40.0113924,-83.0101935,25.0,6.73,True,False,False
Spin,4d8a8cbe-e3d9-4dae-971f-5810ba76e010,e-bike,39.957192633333335,-83.0036133,89.0,24.29,True,False,False
Spin,f0c6e04a-f22c-4c66-9cd4-41975c08fe0c,scooter,39.99589983333333,-83.03487949999999,68.0,18.44,True,False,False
Spin,55568df3-305f-49e4-8697-809800295b62,scooter,40.014889,-82.945992,75.0,20.49,True,False,False
Spin,430e054f-fb3d-4755-a1c1-c671aad8acbb,e-bike,39.99369513333333,-83.0433025,53.0,14.34,True,False,False
Spin,63427640-6290-4ef4-857c-d0e0df720bd9,e-bike,39.95719653333333,-83.00363440000001,68.0,18.44,True,False,False
Spin,532f3c07-8835-4e84-831f-c2c53f06a805,scooter,39.97724695,-83.0043157,32.0,8.78,True,False,False
Spin,e975dc3d-0a6b-4918-9ed0-2b2bbe6efb26,scooter,39.97114,-83.004878,94.0,26.65,True,False,False
Spin,c85f3804-ab62-422a-ac5f-e125bf3cfa43,e-bike,39.96201223333333,-83.00434169999998,28.0,7.61,True,False,False
Spin,31402878-aba7-4251-9c5e-e89bc58ed476,e-bike,40.002102799999996,-83.00592759999999,24.0,6.44,True,False,False
Spin,495fe712-b408-42c3-876d-21fb4d2f2a55,e-bike,39.99733323333333,-82.99687523333333,67.0,18.15,True,False,False
Spin,7c384adf-299d-475b-8424-a5d836861bbc,e-bike,39.95685193333334,-82.99956243333332,25.0,6.73,True,False,False
Spin,70d716cd-a0d1-420a-ab36-e1b761f5fe70,scooter,39.964569,-82.99352,76.0,20.78,True,False,False
Spin,7d679459-5455-45bb-ab26-bd66858f05c0,scooter,39.964512,-82.993628,23.0,6.15,True,False,False
Spin,87b891cc-b4b1-4e81-960d-c30b56e0c260,e-bike,39.97108435,-83.00736520000001,30.0,8.19,True,False,False
Spin,ee416ab2-a2ba-42e1-8809-7b5b69c6b4db,e-bike,39.97108015,-83.00735209999999,80.0,21.66,True,False,False
Spin,8dc76921-23ad-4317-934e-a41ed4841890,e-bike,39.97401855,-83.01126870000002,81.0,21.95,True,False,False
Spin,fe76ab11-0e48-4555-ba8d-a185ae58ec57,e-bike,39.97396885,-83.0111988,85.0,23.12,True,False,False
Spin,33ada4e2-e900-40c2-a273-52fe2921e9e3,scooter,40.0139596,-83.0146752,62.0,16.97,True,False,False
Spin,e45ae8c1-e5b7-41b1-bc6f-a9040a551ec1,e-bike,39.985171550000004,-83.0445274,69.0,18.73,True,False,False
Spin,6999549f-805d-41b7-a935-24c0aa82f743,e-bike,39.98518705,-83.04455510000001,69.0,18.73,True,False,False
Spin,a8946c50-8e3c-4b2d-967f-f2b8a2b95431,e-bike,39.97579455,-83.01076210000001,91.0,24.88,True,False,False
Spin,a9747b46-c408-49f4-9cbd-652347a0800b,e-bike,39.98687243333333,-83.040812,47.0,12.88,True,False,False
Spin,fa10016d-2161-4fb4-978b-ea11d23953e3,e-bike,39.99094503333333,-83.0005331,65.0,17.56,True,False,False
Spin,c550acb4-b051-436f-96d6-6a582d70679a,scooter,39.990799,-83.000532,24.0,6.44,True,False,False
Spin,fc5a8f6a-034b-42d4-8bc3-166fe57f7f69,e-bike,40.0145959,-83.011119,27.0,7.32,True,False,False
Spin,7626480d-22c9-4ef5-bae6-eed5fc47c5c4,e-bike,40.0174174,-83.01445829999999,27.0,7.32,True,False,False
Spin,29bfd97d-8bc3-4301-874a-ff77cee0a294,e-bike,39.986201433333335,-83.01886170000002,84.0,22.83,True,False,False
Spin,8b9351fc-485e-4bb5-90e5-459850daf447,scooter,40.025895999999996,-83.0269473,27.0,7.32,True,False,False
Spin,260520b8-9827-4200-aabb-35c3bd2f2c03,scooter,39.959996333333336,-82.99760523333335,67.0,18.15,True,False,False
Spin,baef2886-c67d-43f6-a48e-1845ef612d1a,e-bike,39.994005,-83.00675333333332,22.0,5.85,True,False,False
Spin,c9d0f0cf-4aea-4354-99b9-7bd3c05d7b46,scooter,40.0155492,-83.01145139999998,80.0,21.66,True,False,False
Spin,18a2f3d1-24d2-400a-9ee2-e5b633f22b7a,e-bike,39.95785,-83.03195666666667,66.0,17.85,True,False,False
Spin,752a68a6-df31-4b0c-90bf-aef4ba268edb,e-bike,39.99273693333334,-82.99577443333334,73.0,19.9,True,False,False
Spin,14cd7ac5-54df-4ab7-84dc-61a75d5e1fd9,e-bike,40.009098333333334,-83.00956333333333,68.0,18.44,True,False,False
Spin,6ee71bec-2fed-47c9-b431-18d2e7926b6f,scooter,40.005027,-82.951867,49.0,13.46,True,False,False
Spin,73c75dce-2e49-4cbd-8432-cfea8ff07d77,scooter,39.963808,-83.024058,89.0,24.29,True,False,False
Spin,b650cb84-b08c-42e3-8b89-7265cbaa7d54,scooter,39.99530193333333,-82.99611153333332,63.0,17.27,True,False,False
Spin,ed70f5b5-9e34-4ece-97b0-75f31a386239,e-bike,39.986246666666666,-82.96754666666666,43.0,11.71,True,False,False
Spin,cdd5a76b-99bb-4269-b362-35815743037e,scooter,39.947707,-83.050922,89.0,24.29,True,False,False
Spin,df95fb64-8d59-430f-a6cb-5447ca808c0e,scooter,39.99110043333334,-83.00313290000001,23.0,6.15,True,False,False
Spin,84ea7366-1dee-49e4-b7d5-6f8ef7fdcf6b,scooter,39.947747,-83.051374,57.0,15.51,True,False,False
Spin,61abe333-5ecf-432b-932e-52a22b0f88b2,scooter,39.947772,-83.051248,56.0,15.22,True,False,False
Spin,f3f7bc65-2428-4adb-88db-9762c3fd339f,e-bike,39.97695955,-83.0028063,53.0,14.34,True,False,False
Spin,bc6f0a8f-a07e-4912-9259-4f13de2e4209,scooter,39.958894,-83.024616,90.0,25.73,True,False,False
Spin,0c777bab-c0eb-47b7-a9ce-c7563b819f10,scooter,39.970045,-83.002007,30.0,8.19,True,False,False
Spin,2b89ea79-9fb7-40e3-ac59-fda0e6b56b1c,scooter,39.987129,-82.99481,18.0,4.98,True,False,False
Spin,13830e06-7cf5-4a78-97b1-c20c1a96f54c,scooter,40.002881,-82.971449,72.0,19.61,True,False,False
Spin,0a18e0d9-3163-44f8-b6de-b3cf7c733e3e,scooter,40.015612,-82.966279,19.0,5.51,True,False,False
Spin,42be00a3-aa92-4838-9d68-c3e181f26f6f,scooter,39.993223,-83.012136,42.0,11.41,True,False,False
Spin,a5c3287a-1956-4dfb-aa4b-1906840fe7c4,e-bike,39.99415603333333,-83.0003916,20.0,5.56,True,False,False
Spin,f7bd0b5a-1d10-4e74-96d3-8ffedfd41f76,scooter,39.940459,-82.983585,92.0,25.17,True,False,False
Spin,4c6aa177-5c03-47b2-91e6-64a7c5c80d7e,scooter,39.96460253333333,-83.0464843,67.0,18.15,True,False,False
Spin,a3e10156-59c4-4865-9d20-748c5a785100,e-bike,40.0045382,-82.99772353333334,28.0,7.61,True,False,False
Spin,3a5d38a1-9d9f-4150-b135-4346ee8d8e70,e-bike,39.965697633333335,-83.019829,74.0,20.19,True,False,False
Spin,e7d46ac3-0dec-430b-b90b-9fda47f6a0e4,scooter,40.014601,-82.988037,45.0,12.87,True,False,False
Spin,cdee916e-b8d7-48b2-a310-1f83c4b75c51,scooter,39.9601,-83.017567,48.0,13.17,True,False,False
Spin,9ec7fc2d-3836-434c-b6d8-bd368f82d8f5,e-bike,39.985842850000004,-83.02746,73.0,19.9,True,False,False
Spin,4d49f348-6a58-4811-a75b-2eadeb90fdc0,e-bike,39.98582415,-83.02744218333333,18.0,4.98,True,False,False
Spin,e52c3db3-1529-4b66-aa48-6617f13a746e,scooter,39.955834,-83.001253,26.0,7.35,True,False,False
Spin,eda0eab1-4ed8-491d-9342-54957cbe9b89,e-bike,40.0229146,-83.01428519999999,75.0,20.49,True,False,False
Spin,584b2d98-e47d-4cee-907e-1d6901532149,scooter,40.0141,-82.974667,42.0,11.95,True,False,False
Spin,9e854567-d040-47ef-866d-722c947999f5,scooter,39.949452,-83.0417,28.0,7.61,True,False,False
Spin,8ba2f2d1-8b72-4ecb-aab5-a324ebf81335,scooter,40.004374399999996,-83.0054375,37.0,9.95,True,False,False
Spin,cf90a136-8d35-4778-a979-03f79999ebc1,scooter,40.0043193,-83.00545570000001,80.0,21.66,True,False,False
Spin,fe701f1c-8a49-4b9d-aa9c-5bd4dab7a4ca,scooter,40.014712,-83.001333,58.0,15.8,True,False,False
Spin,10cb2a68-991e-4a70-a185-4dc5bfc34e40,scooter,39.971097650000004,-83.0073217,67.0,18.15,True,False,False
Spin,f50cac1b-5ffd-48e3-963b-303beef4be1f,e-bike,39.94592323333333,-82.90601013333335,22.0,5.85,True,False,False
Spin,108fff2c-cbe9-4cae-84a6-6ab343b7aec3,e-bike,39.958465733333334,-83.00002049999999,52.0,14.05,True,False,False
Spin,28be9e3b-0e94-46c7-a2be-078af8be999a,e-bike,39.95580233333333,-83.0014782,62.0,16.97,True,False,False
Spin,89baff3b-caff-48f0-9865-52e1873bfc50,e-bike,39.96321783333334,-82.98138693333334,89.0,24.29,True,False,False
Spin,c8311471-ccc6-4457-bb66-5b938bad8f16,scooter,39.967267,-83.019216,98.0,26.63,True,False,False
Spin,64592a3f-deb6-4d3d-841a-cd25bbaa4135,scooter,39.98069893333333,-82.99849673333334,100.0,27.22,True,False,False
Spin,504f2a13-772c-42d5-85da-512dab5f28d3,e-bike,39.99274473333333,-82.99576193333333,96.0,26.05,True,False,False
Spin,64ff50a4-60be-443d-9606-4d4e089bb477,scooter,39.998277433333335,-82.99566043333334,100.0,27.22,True,False,False
Spin,db58c27a-7e8a-470e-bdf4-3568b92d6c8c,e-bike,39.94727833333333,-83.05322,20.0,5.56,True,False,False
Spin,cddce02c-ddfe-4597-a984-01fe20ec2dce,scooter,39.947283,-83.053188,99.0,26.93,True,False,False
Spin,ea45fae5-281d-4043-a30a-8742d2827dd3,scooter,39.947306,-83.053195,67.0,18.99,True,False,False
Spin,76dbd6d1-63c0-4483-8d30-8a994b7cd50a,e-bike,39.94727833333333,-83.05322499999998,54.0,14.63,True,False,False
Spin,a6f6850d-3932-4b81-86da-49ce0c5a9cb6,scooter,39.947309,-83.053193,48.0,13.79,True,False,False
Spin,7bff39b2-3ec2-48f4-a643-6c0324460634,scooter,40.000582,-83.003588,100.0,27.22,True,False,False
Spin,ae11b69c-1f7e-43c1-980c-f60b0fcee37d,scooter,39.947711,-83.05096,100.0,27.22,True,False,False
Spin,c0bd86a5-2c0a-44ed-bf16-faaf7b2e1470,scooter,39.947687,-83.050945,49.0,13.46,True,False,False
Spin,baab4685-3fff-4777-8eb6-43cad6309b96,scooter,39.947694,-83.050931,98.0,26.63,True,False,False
Spin,6a56fba4-0777-4877-870b-3f4bb14fa5ea,scooter,39.94769,-83.050946,28.0,7.61,True,False,False
Spin,dc9a168d-e9e7-4ccc-89d6-b119554644b1,scooter,39.947724,-83.050957,23.0,6.43,True,False,False
Spin,3e97a4db-e7a7-45d5-88c1-b9953fadba73,e-bike,39.99197583333333,-83.01071879999999,71.0,19.32,True,False,False
Spin,eb91e1a7-56f3-40b5-a54e-470ca9e6cd77,scooter,39.949421,-83.041681,94.0,25.46,True,False,False
Spin,4d5b64dd-c758-4076-a299-1b45564b45eb,scooter,39.949422,-83.041783,62.0,17.77,True,False,False
Spin,a3e45fe6-1621-4a89-bdba-82a7ed400e95,scooter,39.949416,-83.041686,95.0,25.75,True,False,False
Spin,2e5b003f-e4d3-4ead-aff7-85c734460966,e-bike,39.96738343333333,-83.015663,19.0,5.27,True,False,False
Spin,35bd0732-c735-4f1c-a958-a8263a60becc,scooter,40.014255,-83.005516,55.0,14.93,True,False,False
Spin,042b63e0-6020-4414-b4cd-a16c220e836c,scooter,39.946256,-83.034418,58.0,15.8,True,False,False
Spin,a8a07270-68c7-405e-a45c-acc48792eb29,scooter,39.94543,-83.016671,94.0,25.46,True,False,False
Spin,4262cb07-41c3-4069-a9a9-37da5e61693d,scooter,39.99083123333333,-83.0061032,42.0,11.41,True,False,False
Spin,ee5fccf5-8240-4541-9463-11ff99837d2c,e-bike,39.99296463333334,-83.00825940000001,90.0,24.58,True,False,False
Spin,6b40b7d0-fd4e-4bd4-8264-ceb008711334,scooter,39.990484,-82.995593,22.0,5.85,True,False,False
Spin,60712cb1-c8c4-4781-aa50-70e20a8d5d28,e-bike,40.0039077,-83.00075989999999,44.0,12.0,True,False,False
Spin,f5377c5d-06b3-4e4a-a772-dab7e93abf4e,e-bike,39.984062566666665,-83.01690805000001,86.0,23.41,True,False,False
Spin,ec8960fe-ed27-4509-b550-ce7cb833a9f3,e-bike,39.967766033333334,-82.99887373333334,41.0,11.12,True,False,False
Spin,4a785602-7b19-48c2-a029-77e956d3b7d5,e-bike,39.97741825,-83.01162180000001,91.0,24.88,True,False,False
Spin,cbd56d17-913b-49f8-b342-4f653da22669,scooter,40.014283,-83.005399,96.0,26.05,True,False,False
Spin,deeaf1ab-7a62-4f5c-be47-132da6a4a565,e-bike,40.0175111,-83.01463119999998,41.0,11.12,True,False,False
Spin,3fe97296-ae97-467f-948d-bec0b5c21c48,e-bike,39.96534473333334,-82.99159543333332,43.0,11.71,True,False,False
Spin,79bfef14-3c52-438b-9e67-fbb93612dea7,e-bike,40.014496666666666,-82.98807833333333,94.0,25.46,True,False,False
Spin,3d459652-571a-48f5-81d4-b8b20cdd563b,e-bike,39.973953550000004,-83.04133099999999,37.0,9.95,True,False,False
Spin,f119d8b4-0284-4e31-9ae5-c32cd5a20f86,scooter,40.014726,-82.990888,97.0,26.34,True,False,False
Spin,f91b9c8d-202a-41e7-9de3-9e9ae20772e8,scooter,39.955905,-83.01317,72.0,19.61,True,False,False
Spin,e90639e3-446d-4272-b193-56bc5a49c0ca,scooter,40.001365,-82.999074,100.0,27.22,True,False,False
Spin,453432b3-cec7-450f-83e4-83f16b0f7c33,e-bike,40.0366673,-83.00054980000002,51.0,13.76,True,False,False
Spin,26bfa7d9-1b92-4367-a559-fb551388965b,e-bike,39.96080583333333,-82.98175853333332,72.0,19.61,True,False,False
Spin,9b850cf3-ee72-4d12-b1cf-c95790b69c7e,e-bike,39.992366749999995,-82.99548491666668,90.0,24.58,True,False,False
Spin,3d4616eb-8a71-4a1b-ae25-d2ef2feef7af,scooter,39.992699,-83.006812,81.0,21.95,True,False,False
Spin,fd08b6ed-25f6-4703-b333-c4fd9a4f2582,e-bike,39.99140653333333,-83.00644750000001,84.0,22.83,True,False,False
Spin,7afd2df0-93d8-4842-9d98-63bd92bd19c8,e-bike,40.0115826,-83.01317990000001,66.0,17.85,True,False,False
Spin,3c1e9228-5f6a-4865-836c-34045d7021cb,e-bike,39.97283505,-83.04066130000001,63.0,17.27,True,False,False
Spin,fb7157e8-927b-4fc2-9deb-ca4a427d701b,scooter,40.006066,-83.00756,94.0,25.46,True,False,False
Spin,bd78d780-092b-4ca3-9d0e-e97162a8eaf0,e-bike,39.99278063333334,-83.0054726,67.0,18.15,True,False,False
Spin,aea9f7e8-1724-471e-a9a1-cda980a09ff9,e-bike,39.99347963333333,-83.00442390000002,55.0,14.93,True,False,False
Spin,0a969911-7444-4856-9c9e-79394c81d37c,e-bike,39.970824050000004,-83.0010205,53.0,14.34,True,False,False
Spin,f5e11c6d-6478-44c6-a797-0cfe5f2e6948,e-bike,39.959125,-83.03567833333334,56.0,15.22,True,False,False
Spin,5d454283-32fe-4ab9-9749-1d3e3af2ab11,scooter,39.987524,-82.994799,38.0,10.24,True,False,False
Spin,a756f4eb-be19-49f3-a12b-351836196c9c,e-bike,40.002373,-83.00353519999999,55.0,14.93,True,False,False
Spin,59cd178d-7104-4c89-b95c-18e42492cc6f,scooter,40.0072824,-82.99960043333334,53.0,14.34,True,False,False
Spin,6aa84bb5-2555-4cdc-a320-d3fce0e1d162,e-bike,39.978773333333336,-83.00437666666667,22.0,5.85,True,False,False
Spin,708931c5-71ec-4a39-a508-ec2bb4fd31a6,e-bike,40.0005403,-83.0027171,52.0,14.05,True,False,False
Spin,736b89d1-49e4-4108-8495-c92177b0974b,e-bike,40.0114949,-83.0133648,44.0,12.0,True,False,False
Spin,93f5c08a-973a-44e7-86c7-1dd988da11d2,scooter,39.954823033333334,-83.0071277,31.0,8.49,True,False,False
Spin,41d005ae-fd5d-4d65-92ef-90e91eba6093,e-bike,39.990993233333334,-83.00882099999998,53.0,14.34,True,False,False
Spin,93232b83-7b7a-4729-b31c-8f7121ebe89e,e-bike,40.00416499999999,-83.008485,55.0,14.93,True,False,False
Spin,436a53fa-cf21-4ea7-aef3-d3ef508519e3,e-bike,39.992034733333334,-83.0122143,68.0,18.44,True,False,False
Spin,83c86625-f425-4925-b783-d40b1abf46f7,e-bike,39.96651873333334,-82.99679123333333,75.0,20.49,True,False,False
Spin,077d2a7d-6150-4dd9-aacb-4f7d39c174e4,scooter,40.014124,-82.97669,66.0,18.69,True,False,False
Spin,da891431-e558-4c7f-a500-1c0fdcb900bf,scooter,40.0210524,-83.03154199999999,78.0,21.36,True,False,False
Spin,d3e54d07-0262-4c81-86ec-e0771395b32a,e-bike,39.96814833333334,-83.00869333333334,76.0,20.78,True,False,False
Spin,b7611aef-ffea-433b-b068-723a663faa3e,e-bike,39.968135,-83.00872,66.0,17.85,True,False,False
Spin,ffbbba8e-bc7d-4afc-9c01-5be4d1a4f02a,e-bike,39.99038553333333,-83.0057419,24.0,6.44,True,False,False
Spin,c02e61b8-ed43-4545-8774-323aff364bfc,e-bike,39.99081963333333,-83.00613729999999,27.0,7.32,True,False,False
Spin,433436ad-ebc8-4b59-b384-b19d8dbecbc2,scooter,39.949435,-83.041674,45.0,12.29,True,False,False
Spin,743ce3ec-f08e-4553-87de-57b8345ef7f5,e-bike,39.99608713333334,-83.00067140000002,85.0,23.12,True,False,False
Spin,619cab6e-1449-4753-be74-a5adf6603753,e-bike,39.99205043333333,-83.01257310000001,70.0,19.02,True,False,False
Spin,0aff7ac1-ff77-4fc6-9d34-d78fcc345c8e,e-bike,39.968383833333334,-82.97704434999999,71.0,19.32,True,False,False
Spin,b36a21c1-b764-41df-9093-fbf1c652f961,e-bike,39.978930350000006,-83.00331069999999,25.0,6.73,True,False,False
Spin,4751b998-b6fe-473a-86f8-8e3f5d089788,e-bike,39.96689593333333,-82.99313353333334,80.0,21.66,True,False,False
Spin,e36cb541-4176-40e2-a826-fd3de10583cd,e-bike,40.0009577,-83.0017235,45.0,12.29,True,False,False
Spin,ce063ad9-9360-4bda-82a9-1cda69d6fa86,e-bike,40.011734700000005,-83.00995900000001,80.0,21.66,True,False,False
Spin,83ce0fa4-e40f-49b3-aae7-d0b4cc65a7fd,e-bike,39.995585733333336,-83.0402178,70.0,19.02,True,False,False
Spin,6eddc1b4-5e17-45a1-b6b6-73322bad431e,e-bike,39.96061423333333,-83.0327371,31.0,8.49,True,False,False
Spin,80da3c27-6edf-465a-83b5-165eb6463194,e-bike,40.00577740000001,-83.0033994,68.0,18.44,True,False,False
Spin,686aa354-bd2e-4bbb-aa92-b91b8da65a16,e-bike,39.990732933333334,-83.01745860000001,41.0,11.12,True,False,False
Spin,7773c4b5-343f-4634-b5e0-a228b9c7917f,e-bike,39.96579523333333,-83.0047955,66.0,17.85,True,False,False
Spin,270a76b1-71d6-48b4-b6bb-987f0688ff4c,e-bike,39.98986795,-83.00621070000001,65.0,17.56,True,False,False
Spin,278776ee-a841-41e0-b8c0-084d87f8d427,e-bike,39.970951666666664,-83.00717333333333,47.0,12.88,True,False,False
Spin,d2dec887-33d2-4405-a1df-447effada200,e-bike,39.969958033333334,-83.00391429999999,87.0,23.71,True,False,False
Spin,9b175418-f35f-4db1-805b-4cf98bba68ef,e-bike,40.016151300000004,-83.0123972,88.0,24.0,True,False,False
Spin,7d6daaaf-7030-4001-95e0-08430ac30fe6,scooter,39.967325,-82.997235,55.0,15.62,True,False,False
Spin,bb2e465e-e52f-42bf-8a52-d7f0f8a32de7,scooter,39.967348,-82.997236,54.0,15.32,True,False,False
Spin,681d52d3-37ef-4a5b-bb8c-4813022c9928,e-bike,39.99463093333333,-83.00259830000002,26.0,7.02,True,False,False
Spin,3950283d-e0f5-4855-96f2-f0feb80e520f,e-bike,39.96062903333333,-82.98158963333331,62.0,16.97,True,False,False
Spin,6e1dd747-64c7-4f77-b263-39fa1de9dfbd,scooter,39.99031633333333,-83.01180289999999,35.0,9.66,True,False,False
Spin,b59f2075-3e5c-4409-9371-c70941c072d3,scooter,39.928897,-82.984029,28.0,7.61,True,False,False
Spin,5f6d1da4-4348-4d51-882f-90656f1987b4,e-bike,39.96739753333333,-83.0156993,20.0,5.56,True,False,False
Spin,2774934f-23b7-4bd7-86e5-6fade8fc491d,e-bike,39.956763333333335,-83.00415166666669,72.0,19.61,True,False,False
Spin,0cfc879f-293d-4e54-8385-625646116641,e-bike,40.0028829,-83.0030065,62.0,16.97,True,False,False
Spin,bf57ee9e-d5b4-4630-b106-170416a3c117,e-bike,40.0070646,-83.00347869999999,51.0,13.76,True,False,False
Spin,2ce10a01-0a5c-4f26-a2ca-6dc097514257,e-bike,39.99877743333333,-83.00542109999999,70.0,19.02,True,False,False
Spin,8c62f6b1-f762-4bc3-a3ae-39bf709be35a,e-bike,39.95173166666667,-83.02423833333333,74.0,20.19,True,False,False
Spin,a4491d22-4e72-4653-baef-defcbba58a3c,scooter,40.0089728,-83.02161,80.0,21.66,True,False,False
Spin,2d8043a5-87aa-4891-8fc2-23c3381bb655,e-bike,40.014247999999995,-83.00117350000001,69.0,18.73,True,False,False
Spin,1d70d151-de1b-441a-abe8-2ab9834f3ccb,e-bike,40.006977,-82.99668253333333,69.0,18.73,True,False,False
Spin,5dabbf2f-6969-4ff1-bdc3-3062aab31575,e-bike,39.971268333333335,-83.00459666666666,35.0,9.66,True,False,False
Spin,5039455c-0a1f-4284-8296-e97db54e01c7,e-bike,39.94211,-82.97341833333333,31.0,8.49,True,False,False
Spin,420b21ae-bf2d-4581-915c-5b911a0089da,e-bike,39.96696153333333,-82.99215623333333,88.0,24.0,True,False,False
Spin,7f749c5a-2b4e-4278-9156-1e308239506f,e-bike,39.99196223333333,-83.00675099999998,87.0,23.71,True,False,False
Spin,1935771d-c593-42d3-80fc-8ed98eb6b174,e-bike,39.93479683333333,-82.99586753333332,29.0,7.9,True,False,False
Spin,10f34e2f-e59b-49c4-9721-0e3598729655,e-bike,39.994379333333335,-83.02691529999998,46.0,12.58,True,False,False
Spin,d5af3b31-a57e-4b3d-9183-0c449be35503,e-bike,39.96966393333333,-83.00985379999999,73.0,19.9,True,False,False
Spin,e9d0467a-80b5-4975-8397-43517675cf4f,e-bike,39.973516249999996,-83.02755469999998,18.0,4.98,True,False,False
Spin,1ea675a9-e63c-44cf-90d1-e31e3b4b9285,e-bike,39.95227666666666,-82.98667166666668,16.0,4.39,True,False,False
Spin,62a3810d-2696-4bd1-b650-f0a8f108c50d,scooter,39.957465,-83.012764,30.0,8.19,True,False,False
Spin,59cdb1fe-5a13-47b9-acac-e3433adb8399,e-bike,39.957887033333336,-82.91047893333334,49.0,13.46,True,False,False
Spin,b1d88cf3-a25e-4eab-bb8f-1d9ab0858756,e-bike,40.003269700000004,-82.99941423333333,46.0,12.58,True,False,False
Spin,1e89bd62-d934-4539-bb52-b1b9de8a16ac,e-bike,39.958693133333334,-83.0137765,41.0,11.12,True,False,False
Spin,684295a1-8b2f-48fd-92ed-3b48090b88dd,e-bike,39.97537665,-83.004469,52.0,14.05,True,False,False
Spin,ce530e8f-fa48-429d-b0dc-9a4b8538e903,scooter,39.96136393333334,-82.95729003333332,100.0,27.22,True,False,False
Spin,ab1fa184-f6ae-49af-9c57-57240af0cf33,scooter,39.954891,-83.069499,41.0,11.12,True,False,False
Spin,d8380247-74d0-41a7-b080-600b1f20419e,e-bike,40.0066249,-83.01753740000001,46.0,12.58,True,False,False
Spin,3b723e47-92b2-4fe7-b1e0-bd80b3f1dbb9,e-bike,39.971453849999996,-82.97113945000001,90.0,24.58,True,False,False
Spin,9eda4607-aab7-40c0-9ad5-6e8f260e8bda,e-bike,39.987090933333334,-83.01122830000001,32.0,8.78,True,False,False
Spin,8dda8c83-0c1e-4ace-b5d4-148a936b02e5,e-bike,39.95805743333334,-82.98368053333334,91.0,24.88,True,False,False
Spin,ddfc0f2f-9242-4e1c-bda6-ea4a93bad6f9,scooter,39.97128775,-83.0047227,38.0,10.24,True,False,False
Spin,e2a530f4-3f78-4fcd-97fe-78083f532fda,e-bike,39.96912593333333,-83.00865540000001,97.0,26.34,True,False,False
Spin,99871ec3-d8fb-41d3-91e9-bbfef728f7de,e-bike,39.96842023333333,-83.00975850000002,98.0,26.63,True,False,False
Spin,65cdc991-9036-4301-bd81-d4a4fad37d05,e-bike,40.0057945,-83.0010158,87.0,23.71,True,False,False
Spin,6e8da0db-8fb1-4254-a32f-9d662428acdb,e-bike,39.96081373333333,-83.00288970000001,23.0,6.15,True,False,False
Spin,3f223577-63fe-4226-a930-ea4d0093a380,e-bike,39.99203733333333,-83.0121786,58.0,15.8,True,False,False
Spin,18975749-fe99-45db-a718-322edbe5f9b5,e-bike,40.0059033,-83.007462,47.0,12.88,True,False,False
Spin,e042fff1-677f-4683-86f4-03b05a16a0d5,e-bike,40.023365600000005,-83.0192959,83.0,22.54,True,False,False
Spin,f20e3943-68de-49b5-af7c-57d268e17247,e-bike,40.001799,-82.99617603333333,39.0,10.54,True,False,False
Spin,343b3ed8-4db1-4698-80da-1d69e5fb9dff,e-bike,39.98367613333333,-83.0140742,97.0,26.34,True,False,False
Spin,4ca6ccce-e810-433c-a831-95a8dd96b07d,e-bike,40.0001875,-83.00124810000001,53.0,14.34,True,False,False
Spin,8923eeff-cb77-47ee-b59e-3ac5a29988a8,scooter,39.958420833333335,-83.0028849,39.0,10.54,True,False,False
Spin,04943f82-ed42-4262-ab7c-d6385e97723d,e-bike,40.0084948,-83.00984179999999,67.0,18.15,True,False,False
Spin,990411f2-60ad-49d1-9800-7357720ace8e,e-bike,39.98763805,-83.03064019999998,99.0,26.93,True,False,False
Spin,6f444339-58f8-441a-9828-aa363a04797c,e-bike,40.0027695,-83.0024412,61.0,16.68,True,False,False
Spin,c81b73cc-8b4b-4879-8e0f-f0f866987a4e,e-bike,40.0028189,-83.0023015,38.0,10.24,True,False,False
Spin,5db8ade6-4e8c-4a7b-a63b-52a164a3c0ef,e-bike,39.99084333333334,-83.00247329999999,47.0,12.88,True,False,False
Spin,11ed7897-e7b8-4e73-a329-bb31a6a5e8db,e-bike,39.998875633333334,-82.98614843333334,39.0,10.54,True,False,False
Spin,0afa53d0-9a55-4f91-88b3-7965f25d948b,e-bike,40.002185000000004,-82.99340500000001,54.0,14.63,True,False,False
Spin,7d20a736-2235-4b5d-8d99-7daccea0da04,e-bike,40.011239599999996,-83.01351439999999,92.0,25.17,True,False,False
Spin,2bf854e4-3fdb-45f2-b4fe-9eeb54e737e3,scooter,39.97585915,-83.02618150000002,44.0,12.0,True,False,False
Spin,690e5c85-db04-4d77-9b76-7adb74e95592,e-bike,39.98610063333333,-82.98186993333333,73.0,19.9,True,False,False
Spin,78cce56a-b8f1-4268-91c2-cb12e2a37f4e,e-bike,40.0631433,-83.01605839999999,69.0,18.73,True,False,False
Spin,bec56911-8c97-4a31-ace1-934f48208966,e-bike,40.010898600000004,-83.00907970000002,48.0,13.17,True,False,False
Spin,1e2cb145-c61d-40e4-9557-96c958c5f14f,e-bike,39.98782055,-83.00334229999999,90.0,24.58,True,False,False
Spin,c34a5490-ac82-4781-9de2-1dc096d37166,scooter,39.969188333333335,-83.0040033,67.0,18.15,True,False,False
Spin,8b4547c2-672e-4768-96c1-aaf0115e6459,e-bike,40.0090737,-83.00954949999999,98.0,26.63,True,False,False
Spin,46bd5a1c-f089-42e3-a2ee-5187ef429f05,e-bike,39.963240133333336,-82.98133533333333,66.0,17.85,True,False,False
Spin,7e4bc847-20e4-414d-8048-60005e813e16,e-bike,39.996678933333335,-83.0007563,66.0,17.85,True,False,False
Spin,4dd348d2-37fe-4f4d-ba44-168ee19473f1,scooter,40.000037,-83.006352,31.0,8.49,True,False,False
Spin,59a4d1a2-992a-4920-8270-4cb71fa0533c,e-bike,39.997124633333335,-83.00399850000001,91.0,24.88,True,False,False
Spin,958764b5-4d62-4935-9be2-408944eee5e4,e-bike,39.94942666666667,-83.0418,100.0,27.22,True,False,False
Spin,03d7e35e-d64a-403c-9db6-e8fef568d085,e-bike,39.99728423333333,-83.004499,91.0,24.88,True,False,False
Spin,8a55c048-a640-42a8-8a1b-e6c59d39b037,e-bike,39.97188095,-83.00344930000001,24.0,6.44,True,False,False
Spin,d7af476b-eda3-4c19-96f8-0405ea5d497e,scooter,39.96746003333333,-83.0157331,53.0,14.34,True,False,False
Spin,8f8dc0d2-c048-48ea-85f5-bd38586e7897,e-bike,40.0100621,-83.0084809,48.0,13.17,True,False,False
Spin,41f76305-3f6a-4ba3-b830-a239e08d219c,scooter,39.985264,-83.005511,80.0,22.67,True,False,False
Spin,80a506ec-4009-46e7-9699-7a09272eade4,e-bike,40.011118200000006,-83.0117988,42.0,11.41,True,False,False
Spin,ae93eb52-8ff9-4e71-844f-8a54c00890a3,e-bike,39.96162973333333,-82.98075473333334,86.0,23.41,True,False,False
Spin,b03ae4b5-6a1a-4c6e-a21f-6c4a07f87c02,e-bike,39.991877333333335,-83.0091204,62.0,16.97,True,False,False
Spin,5410cc41-3e74-4bfc-bc4d-48cc4fd8030a,scooter,39.96775143333333,-83.00874819999999,40.0,10.83,True,False,False
Spin,c981233b-2c8a-4035-88c8-ee523ef44c9a,scooter,39.96774473333333,-83.00865440000001,51.0,13.76,True,False,False
Spin,8fc7108a-9878-4819-b889-73b3860a128d,scooter,39.957331,-83.001313,45.0,12.29,True,False,False
Spin,50a26a2f-b778-4fa1-966a-efffeb0de2c6,scooter,39.96103363333334,-83.0114852,83.0,22.54,True,False,False
Spin,8e6aaae0-4fad-4b0e-aadd-120c6f69b962,scooter,40.006798,-82.979386,74.0,20.19,True,False,False
Spin,fbd409d3-dd82-4a60-b5ee-01199ec1dc47,scooter,39.965619,-82.995002,86.0,23.41,True,False,False
Spin,9b8e318a-a5a1-4145-82c7-358c36ed20c4,e-bike,39.98738253333333,-83.0057146,88.0,24.0,True,False,False
Spin,041468c8-648a-4db9-96cd-07fe6b20fa49,scooter,39.957271,-83.001414,55.0,14.93,True,False,False
Spin,b67a92dc-5f2f-401b-a4db-c1573f67bd83,e-bike,40.0065266,-83.0142089,28.0,7.61,True,False,False
Spin,59c33faf-c56e-48bd-8e5a-ee9e1dcccb1c,e-bike,39.98439293333333,-83.0044194,75.0,20.49,True,False,False
Spin,9db2506a-6746-43ea-9bc9-b49c13126673,e-bike,40.001478399999996,-82.99972313333335,68.0,18.44,True,False,False
Spin,d33eb03f-69d1-481e-81dd-9778a5b9c9b3,e-bike,39.98165313333333,-83.0037883,25.0,6.73,True,False,False
Spin,e0d8a859-c337-45f6-9e01-571906074e74,scooter,39.943161,-82.980696,72.0,20.52,True,False,False
Spin,5d29a18c-bba0-4354-9026-64a72668dcb8,e-bike,39.966638133333326,-83.00622470000002,34.0,9.37,True,False,False
Spin,45347feb-38be-40e4-ae0b-97715843cf77,e-bike,39.99589723333334,-83.0026976,44.0,12.0,True,False,False
Spin,6c293f89-5616-481d-b855-356d27caec90,e-bike,40.029563100000004,-83.01610790000001,45.0,12.29,True,False,False
Spin,91ea7308-f5ed-4b71-99b2-c8bf859ce05c,scooter,39.99680453333334,-83.0045983,44.0,12.0,True,False,False
Spin,cad0c82e-267f-426b-9cd4-e39cdd829894,e-bike,39.98518945,-83.04452520000001,66.0,17.85,True,False,False
Spin,e6a87fe4-6b11-4541-a512-56f81dff73d2,scooter,39.982986,-83.008504,62.0,16.97,True,False,False
Spin,30ee5439-cffc-4f73-906a-2bc2fec1f1f3,e-bike,40.002366599999995,-82.99874283333332,86.0,23.41,True,False,False
Spin,3695529b-7100-4e87-bc06-1fcdc0751cc9,e-bike,39.98697283333333,-82.99963223333334,77.0,21.07,True,False,False
Spin,99768e1f-8057-4708-a1c4-93092ea8e54b,e-bike,39.98697593333333,-82.99967063333334,40.0,10.83,True,False,False
Spin,ba28437e-97b4-48de-b730-4167415ffcf8,e-bike,39.943446533333336,-82.98735443333335,86.0,23.41,True,False,False
Spin,3b1d66e2-15e3-4c59-8f4c-1ab5a2a0395f,e-bike,39.967270533333334,-83.0052008,81.0,21.95,True,False,False
Spin,6ca7f803-bc6b-48dc-b2d7-1215def02554,e-bike,40.0090121,-83.0017308,71.0,19.32,True,False,False
Spin,de92f140-a998-4786-9c51-5298b01b6705,e-bike,39.95500723333334,-83.0122772,68.0,18.44,True,False,False
Spin,d0aaa371-31de-42b5-b151-a5851abf2fd2,e-bike,40.0070966,-83.01079550000001,67.0,18.15,True,False,False
Spin,2da4d2b2-5bec-490c-adf8-339019bacb96,e-bike,39.95974433333333,-83.02169610000001,80.0,21.66,True,False,False
Spin,9b757ca8-48d4-4925-8ae0-de4b6e31943d,scooter,39.95962533333333,-83.0030787,70.0,19.02,True,False,False
Spin,313102e2-2f4f-4389-8e25-439d8b95f67e,e-bike,40.007075,-83.01973333333332,91.0,24.88,True,False,False
Spin,48589d69-2d33-4e70-88e2-8089c8945864,e-bike,39.999205233333335,-82.99890913333333,62.0,16.97,True,False,False
Spin,a5dd59fa-1ae7-4067-aa42-7866eafb67cd,e-bike,39.999064233333335,-82.99887903333335,48.0,13.17,True,False,False
Spin,2b16a884-6201-4ce5-aacd-b8c3e108baba,e-bike,40.0213861,-83.0298091,19.0,5.27,True,False,False
Spin,ec4e3b26-da55-4d2e-a948-a7f87d795040,scooter,39.991561,-83.005921,65.0,17.56,True,False,False
Spin,d4f943c2-5d70-4ea7-a3d3-fba1ab5b6607,e-bike,39.965045,-83.02203666666668,94.0,25.46,True,False,False
Spin,d3398419-dfb8-43ef-b1c6-4c66f0f5176b,e-bike,39.99880443333333,-83.006281,95.0,25.75,True,False,False
Spin,f7bc2de2-8081-44e0-9f54-1ce4501f4e68,scooter,39.965576,-83.012016,17.0,4.68,True,False,False
Spin,d1b7ccf7-0cd7-4633-aaaf-999502b1badc,e-bike,39.97788485,-83.0145663,70.0,19.02,True,False,False
Spin,b09b817e-f2d7-4971-82c6-65f7ec1a1bbc,e-bike,39.98408293333333,-83.01688379999999,43.0,11.71,True,False,False
Spin,8408b6d6-4faa-45af-8ece-01a41dc9bc61,e-bike,39.98174073333333,-83.00542079999998,26.0,7.02,True,False,False
Spin,6ddd3802-990b-4e9e-b8b3-8ab930d374dc,e-bike,40.0013693,-83.0003379,88.0,24.0,True,False,False
Spin,bde7d4c2-6206-4bbb-84c3-461380a8fb84,e-bike,39.98500195,-83.00532550000001,37.0,9.95,True,False,False
Spin,a7edd309-089c-47bc-8cb2-2527094217bb,e-bike,40.0075909,-83.01399930000001,37.0,9.95,True,False,False
Spin,2ea3e555-42e9-4a48-bd76-039cae694ecc,e-bike,40.006187700000005,-82.97940924999999,51.0,13.76,True,False,False
Spin,72a311d2-b3b6-453d-96a1-b4420d7b77ef,e-bike,40.0062623,-82.97938485000002,44.0,12.0,True,False,False
Spin,65f86529-b4c1-44bd-a79e-6070a787fac3,e-bike,39.98834333333333,-83.01338166666667,77.0,21.07,True,False,False
Spin,d1a52b1b-1ff2-419a-ad41-84a88de6a11b,e-bike,39.98697253333333,-82.99970333333334,60.0,16.39,True,False,False
Spin,a0397114-72d0-48cd-815c-d9e35315d830,e-bike,39.956449733333336,-82.99601093333334,46.0,12.58,True,False,False
Spin,dc7a56e6-7530-42db-91e5-8a0e07ed608b,e-bike,39.99528183333334,-83.0015949,73.0,19.9,True,False,False
Spin,d67219c0-3664-4a84-ba03-de66782b52db,e-bike,39.98785185,-83.00334210000001,46.0,12.58,True,False,False
Spin,b52311f0-b295-4b1c-b7da-ff24ea484c5f,e-bike,40.0221629,-83.02752549999998,71.0,19.32,True,False,False
Spin,d2de6308-c0aa-4675-9eae-66ce0265081f,e-bike,39.98811055,-83.02900650000001,32.0,8.78,True,False,False
Spin,7bac7673-795c-4314-9bcb-3624086705c7,e-bike,40.009077000000005,-83.00494490000001,38.0,10.24,True,False,False
Spin,0e91972b-7eee-4b9c-ad9f-1f2d4bb615c6,scooter,39.99035513333333,-83.0051579,46.0,12.58,True,False,False
Spin,8a99d2a3-189d-41ec-99e4-82b80e3fa0ca,e-bike,40.006955500000004,-83.01757719999999,69.0,18.73,True,False,False
Spin,0d87f646-8ea2-4a83-8fff-8a79934f5bde,e-bike,39.99790023333333,-83.00706980000001,60.0,16.39,True,False,False
Spin,074c074a-8365-4dbe-9df6-09dab0d91db5,e-bike,40.000820399999995,-83.00045399999999,46.0,12.58,True,False,False
Spin,6dd0a988-432a-4b00-ba77-431882e35bee,e-bike,39.980374233333336,-83.01010229999999,48.0,13.17,True,False,False
Spin,848ec3bd-7501-44bc-aba4-3d8e4f074062,e-bike,39.99112231666666,-83.00616836666669,44.0,12.0,True,False,False
Spin,af94ede5-fd51-417f-99bb-01de44090149,scooter,39.997949,-83.006902,72.0,19.61,True,False,False
Spin,628c7936-371d-4476-b9de-a6d655049e0b,e-bike,39.967571666666664,-82.95458500000001,49.0,13.46,True,False,False
Spin,44df6a47-8929-4d3e-841c-d36232fbc21e,e-bike,39.95700193333333,-82.99948393333334,90.0,24.58,True,False,False
Spin,016c6835-b359-4be5-899c-c718f2741a26,e-bike,39.97865865000001,-83.0172465,90.0,24.58,True,False,False
Spin,6307f0ea-d275-40eb-a9b5-9cc6167870d7,scooter,39.979116950000005,-83.00310409999999,41.0,11.12,True,False,False
Spin,d0c03480-41e7-4d7d-93c7-6da473231747,scooter,39.96896373333333,-83.0040076,100.0,27.22,True,False,False
Spin,5dda5dbc-7a3a-4f16-a9ac-7fd451c78346,scooter,39.991633,-83.014982,96.0,26.05,True,False,False
Spin,5fa73747-7695-4dd3-a4e2-047132bc8e9a,e-bike,40.006125399999995,-83.00897330000001,41.0,11.12,True,False,False
Spin,4b247d0f-3fec-4d4c-ba58-e3fc31a51ed7,scooter,39.985689,-83.005146,48.0,13.79,True,False,False
Spin,3c462d23-11de-4339-a152-286511204a9b,e-bike,39.99399983333333,-83.0004507,87.0,23.71,True,False,False
Spin,e7f5ec80-6b3b-4207-8144-eb04f4372182,e-bike,39.98267,-83.00460333333334,16.0,4.39,True,False,False
Spin,285b82a9-5463-4141-b065-7d4b7505c012,scooter,39.985694,-82.966946,87.0,24.81,True,False,False
Spin,b5b64359-3266-4cd6-8829-2e474ca6eb65,e-bike,39.99274963333333,-83.0068841,27.0,7.32,True,False,False
Spin,c4ab74e3-e0bb-464d-9bec-5f64d048d2e7,e-bike,40.021185100000004,-83.0268553,25.0,6.73,True,False,False
Spin,5749e032-8348-4658-94ba-13aacb010111,e-bike,39.99407003333333,-83.0108681,72.0,19.61,True,False,False
Spin,b8627e98-453f-49d7-8b65-92e31a4e5e0d,e-bike,40.0110002,-83.0133101,68.0,18.44,True,False,False
Spin,0b2b556e-0031-4d12-87c1-da04021dc4cb,e-bike,40.0027211,-83.0025027,65.0,17.56,True,False,False
Spin,9d34607f-4050-4047-b0f3-586b1a957d7d,e-bike,39.96739923333334,-83.0191685,84.0,22.83,True,False,False
Spin,ad7df1a3-e5f3-4889-8c8e-97ed125080d3,e-bike,39.990013833333336,-83.0130622,40.0,10.83,True,False,False
Spin,e87788f4-3411-4f0a-bc42-7ab804349e24,e-bike,39.98421603333334,-83.0153977,31.0,8.49,True,False,False
Spin,469d1b53-817f-4ada-be76-cdc0d33beb0f,e-bike,40.0065026,-83.0142033,24.0,6.44,True,False,False
Spin,46f1e4ea-2299-4e0f-b8b5-839b58c4687c,e-bike,40.006514,-83.01421839999999,25.0,6.73,True,False,False
Spin,d7e40b47-da56-4022-bb44-06f2261969cc,e-bike,40.0065336,-83.0142295,47.0,12.88,True,False,False
Spin,ab15f78e-7617-47f6-886b-0733470ab58f,e-bike,40.00608666666667,-83.00319999999998,41.0,11.12,True,False,False
Spin,9cd76e91-eef4-4c24-a97b-a2b5d11f65a5,e-bike,39.99946393333333,-82.99815803333334,49.0,13.46,True,False,False
Spin,1175465a-c8b3-4d26-b85b-f974934f5d00,e-bike,39.96739633333333,-83.0191898,32.0,8.78,True,False,False
Spin,3bed12cd-9192-4ecd-a7b2-dc8e3e7fa4cb,e-bike,39.97594925,-83.0032165,98.0,26.63,True,False,False
Spin,b575f3ad-92b8-4d78-ad16-57910d466f1b,e-bike,39.97597075,-83.0032338,54.0,14.63,True,False,False
Spin,cf153ebe-3ef0-4f8d-ae9b-daf2871a0f02,e-bike,39.95787833333333,-82.99990093333332,23.0,6.15,True,False,False
Spin,35bf217e-1a2b-4b53-87a0-e94a43f3ab63,e-bike,39.99594843333333,-83.00156450000001,41.0,11.12,True,False,False
Spin,424b30a1-491d-4e55-8637-c68de4fb9ddf,e-bike,39.99167093333333,-83.04365510000001,46.0,12.58,True,False,False
Spin,d1bb634a-6557-4836-8f92-b38f3c828c5e,e-bike,39.95925933333333,-82.99498793333332,54.0,14.63,True,False,False
Spin,41e25ff6-6972-49cd-b786-3f60152dec46,e-bike,40.0005248,-82.99883413333333,43.0,11.71,True,False,False
Spin,7150bbe4-8a71-478b-8d87-3662531cd37f,e-bike,39.99281513333334,-83.00700819999999,62.0,16.97,True,False,False
Spin,26899219-6d93-47f8-a4a5-fba74938aa21,e-bike,39.96568043333333,-82.99389933333332,62.0,16.97,True,False,False
Spin,5118f685-426a-4994-bb38-c0eb1579e114,e-bike,39.99101073333333,-82.99589193333334,48.0,13.17,True,False,False
Spin,83889314-5b7a-4603-9b7d-a81acab609ea,e-bike,39.95719166666667,-83.006945,40.0,10.83,True,False,False
Spin,68e7e926-e557-4614-ba91-64f2fb7b7d25,e-bike,39.99536753333334,-83.0016578,67.0,18.15,True,False,False
Spin,1daf9a6b-fe06-4e76-a10e-93b80f7af8e0,scooter,39.95842283333333,-83.0028911,49.0,13.46,True,False,False
Spin,96c3f42d-d911-4a27-bad6-7132802ae78e,scooter,39.95847,-83.002883,87.0,24.81,True,False,False
Spin,842b8cc1-64f4-4ccb-86ae-1e33354108fe,e-bike,39.95843443333333,-83.00292910000002,71.0,19.32,True,False,False
Spin,3a2aa97b-cf2f-4d31-bc5f-df764945b9ee,e-bike,39.95843683333333,-83.0028883,94.0,25.46,True,False,False
Spin,0fd665f6-d3ed-4162-8008-9c87ab305638,e-bike,39.958404433333335,-83.0029107,43.0,11.71,True,False,False
Spin,21ee88e7-fd8b-42f9-8fad-0a5e2ad24788,scooter,39.958418333333334,-83.0029013,44.0,12.0,True,False,False
Spin,c8e18d9a-95c5-445f-ba50-b46dfeffc947,e-bike,39.958437933333336,-83.0029099,48.0,13.17,True,False,False
Spin,1fa88d00-332d-4f0e-8777-f5c2be3c5407,e-bike,40.0065232,-83.014202,100.0,27.22,True,False,False
Spin,5676211a-43bf-4b66-9e1f-137421ffe1b7,e-bike,39.963857133333335,-82.99951533333333,22.0,5.85,True,False,False
Spin,c2c16216-d311-471d-970c-bb831e530386,e-bike,39.99988793333333,-83.00239570000001,43.0,11.71,True,False,False
Spin,8ba5c122-ef7f-4c2d-81d3-efd86c98fc96,e-bike,39.99984223333333,-83.00245600000001,45.0,12.29,True,False,False
Spin,e07b3337-7466-417a-b9e2-2eb3139968d7,e-bike,39.96311583333333,-83.00247710000001,73.0,19.9,True,False,False
Spin,8b4ecf06-b8d0-4de5-8592-12c2e743f8e7,scooter,39.980898,-83.002684,84.0,22.83,True,False,False
Spin,b699d5d7-bd22-409a-92d8-9d8f351d5be1,e-bike,39.96309803333334,-83.00248140000001,74.0,20.19,True,False,False
Spin,d0e59409-b189-4b61-ba28-65df3a0c3a7e,e-bike,40.00473833333333,-83.00898833333333,29.0,7.9,True,False,False
Spin,a8ce4c81-fa69-45a3-b2dc-78417cfd53fb,e-bike,39.956580933333335,-82.99490103333333,35.0,9.66,True,False,False
Spin,246d3f41-318e-47b0-955d-d4e744cbe2a8,scooter,39.996368,-83.041982,29.0,7.9,True,False,False
Spin,62520086-1000-48d8-a1ad-59225b55ba43,e-bike,39.96325,-83.00276833333334,40.0,10.83,True,False,False
Spin,34bd94fb-4678-4892-a2a1-93ce944b1f23,scooter,39.997848,-82.97745,23.0,6.15,True,False,False
Spin,41fab56a-ba6b-45b9-8391-575a630a612d,e-bike,39.96027693333333,-82.98687063333334,71.0,19.32,True,False,False
Spin,4b81562a-0eeb-48ad-a008-6bf1f76085c8,e-bike,39.956819233333334,-83.00418069999999,34.0,9.37,True,False,False
Spin,840fe160-05d1-4f95-b8f2-3565d9bc8382,e-bike,39.999883733333334,-83.00581650000001,42.0,11.41,True,False,False
Spin,9dc91c34-ca72-4755-8797-a18c02dc6edb,e-bike,39.999613833333335,-82.99993163333332,42.0,11.41,True,False,False
Spin,da0ffd67-55f4-455c-9a93-76e0557dedb3,e-bike,39.954308133333335,-82.99447893333333,38.0,10.24,True,False,False
Spin,8bd4c8c1-5721-4944-822a-636f2d70598a,scooter,40.009613599999994,-83.0029295,35.0,9.66,True,False,False
Spin,e07dab72-6340-4fa5-97dc-ca6590d509a1,e-bike,40.0125111,-83.0129106,53.0,14.34,True,False,False
Spin,4e89d55b-5823-4f39-ae9b-ace29acbe8f2,e-bike,40.0028403,-83.0048215,46.0,12.58,True,False,False
Spin,d3690e71-4ebf-42be-81b7-a69780f990c5,e-bike,39.998575933333335,-83.0001097,32.0,8.78,True,False,False
Spin,4009ce6f-c0fa-4839-a5ac-7c8f8608e6ef,e-bike,40.0066515,-83.01470776666665,44.0,12.0,True,False,False
Spin,f06a3b47-41aa-446e-8108-79f48f6fe2e9,e-bike,39.991297933333335,-83.00618539999999,59.0,16.1,True,False,False
Spin,dfceff16-5ab0-4cd8-8498-834969f5bc67,scooter,39.99326443333334,-83.0049909,69.0,18.73,True,False,False
Spin,b2c3e111-b960-49d0-b162-df17ac8d0500,e-bike,39.99317323333333,-83.01066940000001,54.0,14.63,True,False,False
Spin,244ad387-cf7f-4615-8e24-7ff787953073,e-bike,40.007492,-83.01625459999998,70.0,19.02,True,False,False
Spin,b1750d2f-3b93-4a2f-90a9-a1d7c32907e3,e-bike,40.0065164,-83.0142186,100.0,27.22,True,False,False
Spin,6016f97b-de54-4ca5-89b3-5408a3f6a399,e-bike,39.95709763333333,-83.00367820000001,90.0,24.58,True,False,False
Spin,23e36169-5552-4d24-8b57-2dce3e0f2d39,e-bike,39.95710723333333,-83.00367609999999,87.0,23.71,True,False,False
Spin,0381ae98-a878-4cf5-a40b-24af51547202,e-bike,39.99672253333333,-82.99890543333335,24.0,6.44,True,False,False
Spin,d2a64cd3-66ac-470e-87ed-64c647527e19,e-bike,39.996688133333336,-82.99889433333334,32.0,8.78,True,False,False
Spin,3a4565bf-ecae-4d7a-aa50-e3124ec3108a,e-bike,39.96111003333333,-83.01056240000001,90.0,24.58,True,False,False
Spin,25a351cf-a316-4673-a2f4-e8b1f26e85d1,e-bike,39.992007433333335,-83.0083602,100.0,27.22,True,False,False
Spin,528b1962-45a5-4788-be0c-63f3432e7af1,e-bike,39.99092243333334,-83.00879000000002,100.0,27.22,True,False,False
Spin,9312516d-18bb-435d-a19e-9b22a53b643d,e-bike,39.96122283333333,-83.0142956,40.0,10.83,True,False,False
Spin,a8c043e9-504f-4c48-8662-d4ad33c564c1,e-bike,39.961345,-83.01425333333333,33.0,9.07,True,False,False
Spin,86def168-5f57-4b98-baae-bd6331b0663b,e-bike,39.96121263333334,-83.0142931,30.0,8.19,True,False,False
Spin,5558e9c2-940a-419e-99fc-559730093384,e-bike,39.96129333333333,-83.01423500000001,25.0,6.73,True,False,False
Spin,c812715a-db63-4307-8bdf-c2ffbcd20605,e-bike,39.99036473333333,-83.00514919999999,95.0,25.75,True,False,False
Spin,78f81961-b765-4b05-a70b-b4687b38e94d,e-bike,39.989534049999996,-83.0057631,84.0,22.83,True,False,False
Spin,3968bf4c-e8d7-4b69-b2c2-8f010cb310dc,e-bike,39.98451393333333,-83.00806990000001,90.0,24.58,True,False,False
Spin,9f20a765-568b-4520-8559-ebc685834d34,e-bike,39.991178233333336,-83.0071836,100.0,27.22,True,False,False
Spin,7d9abbb6-8cae-453f-98f4-c4a9ad7d2712,e-bike,39.97462745,-83.00294370000002,88.0,24.0,True,False,False
Spin,5e0cd794-7c84-432a-8759-af550e887248,e-bike,39.96305003333334,-82.99965823333332,100.0,27.22,True,False,False
Spin,662c707d-79aa-42d0-9bb2-5e12db175f7f,e-bike,39.96047613333334,-82.99648963333333,94.0,25.46,True,False,False
Spin,3344a503-ec29-4fb2-b403-739c2eebac8c,e-bike,39.96215663333333,-83.00412030000001,22.0,5.85,True,False,False
Spin,7fa90768-54c5-4f87-b9d8-b2de5c19f857,e-bike,39.962146733333334,-83.0041389,47.0,12.88,True,False,False
Spin,c592fef1-984d-4c3e-9063-d6e040c3b1e2,e-bike,39.962160733333334,-83.00412550000001,69.0,18.73,True,False,False
Spin,a1c5464f-da46-4b49-b1a8-0f9838250d57,e-bike,39.96217013333333,-83.0041436,35.0,9.66,True,False,False
Spin,2ee32b5d-3386-4a17-ab49-5de78d42b1e4,e-bike,39.96216793333333,-83.00415810000001,22.0,5.85,True,False,False
Spin,e3edd5de-37be-4855-8e53-1a0456c653ef,e-bike,39.962154033333334,-83.00413365000001,37.0,9.95,True,False,False
Spin,32c35a0b-473c-4b58-9507-c6d493f6c4c1,e-bike,39.96215613333333,-83.00411530000001,90.0,24.58,True,False,False
Spin,a918ecd2-9db4-43f6-8f40-c5960044542f,e-bike,39.96213973333333,-83.004114,33.0,9.07,True,False,False
Spin,c8e30965-9b9b-40e8-93cd-e0d7f217b880,e-bike,39.96217013333333,-83.0041421,40.0,10.83,True,False,False
Spin,dbe02a32-645c-4a78-be3b-0623f7f4d332,e-bike,39.961401233333326,-83.00059350000001,100.0,27.22,True,False,False
Spin,af89e9b6-d344-443b-8b96-85f73fe48ed5,e-bike,39.96108483333333,-83.00868559999999,94.0,25.46,True,False,False
Spin,614c24e2-1cf8-4289-a453-799039d22c3e,e-bike,39.969919233333336,-83.0079474,61.0,16.68,True,False,False
Spin,715d2a17-c876-49cf-bbfc-7f5e4639320e,e-bike,39.97038155,-83.0076523,46.0,12.58,True,False,False
Spin,55fe8da3-8e56-4c28-b9a6-aa80be1299fb,e-bike,39.95681383333333,-83.00414500000001,58.0,15.8,True,False,False
Spin,d764272a-901f-4305-826e-d6c9501c12d5,scooter,39.97010855,-83.0078931,72.0,19.61,True,False,False
Spin,25833a89-2e6e-4733-a833-f5b8d37207c3,e-bike,39.95850333333333,-83.0320103,91.0,24.88,True,False,False
Spin,0497a61e-0940-4cb0-aa94-39aa7788c30f,e-bike,39.95848253333334,-83.03199529999999,95.0,25.75,True,False,False
Spin,6f633f90-401a-44e6-8a20-4a3f6a259995,e-bike,39.95764693333333,-83.0036573,87.0,23.71,True,False,False
Spin,0fe237c8-fe8c-4aaf-a0bd-7601aad65232,scooter,39.95707983333333,-83.0036744,100.0,27.22,True,False,False
Spin,3f8e7398-31ff-4265-b6e6-102603123add,scooter,39.95707663333334,-83.00369129999999,100.0,27.22,True,False,False
Spin,3bc7b930-a068-4073-829f-af282b7be011,scooter,39.94214343333333,-82.97939585,100.0,27.22,True,False,False
Spin,47661eee-0ed3-4142-8b0b-1528d9e1fd89,e-bike,39.94307403333333,-82.97529163333333,83.0,22.54,True,False,False
Spin,3ff4774c-31ab-4b3c-b491-025a69e70c72,e-bike,39.95682573333333,-83.00411799999999,57.0,15.51,True,False,False
Spin,83ef254e-de2b-4cc8-8d38-5311490c1f73,e-bike,39.99818833333333,-83.00136333333333,56.0,15.22,True,False,False
Spin,67f8642d-d532-452e-a367-09bbd3ef07c3,e-bike,40.006327899999995,-83.00913870000001,100.0,27.22,True,False,False
Spin,87116c73-a88c-4a8f-a736-82bffb1d511f,e-bike,39.99282313333333,-83.00698499999999,92.0,25.17,True,False,False
Spin,3be86611-5138-4789-9f23-0eea41736465,scooter,39.965505,-83.021919,75.0,20.49,True,False,False
Spin,d3f09f17-f821-44fd-94a4-c1fbde00efae,e-bike,39.948096533333334,-83.10766989999999,48.0,13.17,True,False,False
Spin,6e573855-e192-428f-82b6-566760c58aaf,e-bike,39.992873833333334,-83.00685010000001,92.0,25.17,True,False,False
Spin,11c4783c-6ea4-4199-8d0f-045ece799a1f,scooter,39.99335733333333,-83.00504930000001,100.0,27.22,True,False,False
Spin,bb15c821-cee3-4c76-95ab-0f587fe13251,scooter,39.957437033333335,-83.0013506,78.0,21.36,True,False,False
Spin,3e5bc6cd-6f2d-4c14-ab5b-9ad1f2a87cf4,e-bike,40.0188031,-83.02580809999999,89.0,24.29,True,False,False
Spin,c7159b61-6870-4d4a-8c98-9b407afdfa2a,e-bike,40.0001647,-83.00129100000001,95.0,25.75,True,False,False
Spin,401dede7-cd4b-4eea-be51-c3387350ca8a,scooter,39.997666333333335,-82.99963963333333,100.0,27.22,True,False,False
Spin,95a7b3eb-bf83-4993-86b4-5375e1584724,e-bike,40.0006472,-83.00807809999999,30.0,8.19,True,False,False
Spin,2a1a3239-cc4a-4ae0-924f-c1cc24080fe6,e-bike,39.961111116666665,-83.01056786666668,100.0,27.22,True,False,False
Spin,b36f3519-9c1e-4e75-a84a-476a17b50708,scooter,39.961301,-83.038974,60.0,16.39,True,False,False
Spin,72f2f389-21ed-4a5f-a1be-3d6d0f1eb1d3,scooter,40.0019072,-83.00117999999999,100.0,27.22,True,False,False
Spin,edd65f0a-b653-4ca1-b190-4d6e6b4584f9,e-bike,39.99271293333334,-82.99536983333334,29.0,7.9,True,False,False
Spin,6b7f7b9b-64b8-46c8-ba15-cec8c515c57c,e-bike,40.0061399,-83.00872839999998,95.0,25.75,True,False,False
Spin,bb571e39-17fc-443c-a9f6-c749d0b295df,scooter,39.96846263333334,-83.0016831,100.0,27.22,True,False,False
Spin,8d49a46a-ed72-4d39-9465-abd3c4accbb0,scooter,40.007379900000004,-83.0087898,100.0,27.22,True,False,False
Spin,895a7817-15da-48d6-aba1-0ff77db959a7,scooter,39.993991,-83.006778,98.0,26.63,True,False,False
Spin,93189f5c-e2b7-4c45-94cb-458953c04425,e-bike,39.99566993333334,-83.00696279999998,28.0,7.61,True,False,False
Spin,8cfba244-0956-4d30-b333-864519f3e5d9,e-bike,39.99567703333333,-83.00694465,94.0,25.46,True,False,False
Spin,1a7f0773-b897-495f-a4fb-d5759fb082fe,e-bike,39.99568125,-83.00693216666666,34.0,9.37,True,False,False
Spin,59c408a6-5132-4d37-b225-d63c6c0e4976,e-bike,39.99571,-83.00695333333333,85.0,23.12,True,False,False
Spin,965cf948-932c-4908-b61b-612b4d2275d6,e-bike,39.995708566666664,-83.00693771666666,30.0,8.19,True,False,False
Spin,3b49a505-fc7b-4c35-ab85-12eba09361a1,e-bike,39.995695966666666,-83.00694528333334,33.0,9.07,True,False,False
Spin,8f482640-a35f-436e-8586-1b945950353d,e-bike,39.97221031666666,-83.00229941666666,51.0,13.76,True,False,False
Spin,4cb84bea-7101-4eb4-af40-e4b46bcf4739,e-bike,39.97218975,-83.00234280000001,47.0,12.88,True,False,False
Spin,5797d05b-d18f-4581-80ca-12ec01b940d0,e-bike,39.972218649999995,-83.00233670000001,60.0,16.39,True,False,False
Spin,df581667-b0b3-4e79-8175-6cf7cefbaa2a,e-bike,39.97223666666666,-83.00231333333335,55.0,14.93,True,False,False
Spin,eb4e8437-2840-4c5f-bcc6-ce7bd5e14587,e-bike,39.9588494,-83.00186668333332,30.0,8.19,True,False,False
Spin,3601a88d-697a-45b6-9fe4-691d5f0c1a68,scooter,39.994059,-83.006788,99.0,26.93,True,False,False
Spin,0a169b3b-412b-45fd-9471-31905fe49178,e-bike,39.97342833333333,-83.00272500000001,24.0,6.44,True,False,False
Spin,b7d429c5-dd31-4f14-a404-6205d633ec01,scooter,39.97342825,-83.00272670000001,53.0,14.34,True,False,False
Spin,85a8752b-7fb3-4e3e-8e25-d55ebbb45f10,e-bike,39.99402333333333,-83.00675166666666,91.0,24.88,True,False,False
Spin,58c2f156-a45d-45b8-9428-711b641660f9,e-bike,39.96533903333333,-82.99163283333334,49.0,13.46,True,False,False
Spin,d7dd2f01-bdd5-4f2c-910d-e332be16264d,e-bike,39.97338655,-83.00474080000001,43.0,11.71,True,False,False
Spin,e6018b8d-c6c4-4749-ad59-68a5a4db2945,scooter,39.994044,-83.006805,100.0,27.22,True,False,False
Spin,af027ad9-a535-435d-a3fe-4b76b7411cde,e-bike,39.96848468333334,-83.00167155,89.0,24.29,True,False,False
Spin,c73c05f1-d368-4a84-99f0-a0ef82e2111a,e-bike,39.994039433333334,-83.00676479999998,90.0,24.58,True,False,False
Spin,c6cadfad-9fb4-4476-b045-522afea3e550,e-bike,39.99404523333333,-83.0067353,53.0,14.34,True,False,False
Spin,f8d02585-cfbd-4254-879d-d7c280fe6911,scooter,39.958814133333334,-83.00184689999999,54.0,14.63,True,False,False
Spin,d1699ff2-0ecb-4da2-b42c-f526444ed4ca,scooter,39.996675833333335,-83.04888639999999,74.0,20.19,True,False,False
Spin,97ccf09c-6247-40f5-811b-0b497fc9a545,e-bike,40.0034658,-83.00859209999999,91.0,24.88,True,False,False
Spin,30e3d3fc-409f-451a-bcc2-13a0714c2e32,e-bike,39.994054033333335,-83.00678889999999,73.0,19.9,True,False,False
Spin,6a09bf96-0a6c-4e4c-af9b-06a8765e66d5,e-bike,40.0113494,-83.0101381,70.0,19.02,True,False,False
Spin,ac2f1261-fb68-497d-9746-bed82831b769,e-bike,39.94621913333334,-82.95854983333332,23.0,6.15,True,False,False
Spin,373bf18f-7df7-4da1-98eb-259e41d0c0ae,e-bike,39.994040033333334,-83.00675610000002,32.0,8.78,True,False,False
Spin,fb389807-5375-4b19-9f9f-b61c245eafeb,scooter,39.95741293333333,-83.00138790000001,26.0,7.02,True,False,False
Spin,f7d6f8ed-01ee-4e89-bcd9-80eaaad57b47,e-bike,40.0034863,-83.00860480000001,35.0,9.66,True,False,False
Spin,3355d622-a23d-4564-9102-6463f5de7f8a,scooter,40.014996,-82.99072,94.0,25.46,True,False,False
Spin,551a243d-c9a5-4c39-8983-55ca8c7ef6c2,e-bike,39.96308666666666,-82.94858666666666,0.0,,False,True,False
Spin,a1d6c7cf-779e-44ff-a28c-6b732a517ac5,scooter,39.954119,-83.012438,0.0,,False,True,False
Spin,c73ed7cb-7ca4-4d87-ae28-fec125545727,scooter,40.102783300000006,-83.0889912,6.0,1.76,False,True,False
Spin,246f86e7-fd79-4260-89ee-8a9bed351d9a,e-bike,39.99493783333333,-82.94114503333334,0.0,,False,True,False
Spin,6f5bb4d4-6b00-48bc-847e-bd793f416169,scooter,39.958406,-83.031839,0.0,,False,True,False
Spin,5ddb8c5b-7229-4a9f-9fe9-27d236cbc933,e-bike,39.96646666666666,-82.99860666666667,0.0,,False,True,False
Spin,de846937-722e-4713-b6a4-66d2ee6f0933,e-bike,39.96778323333333,-82.87597661666665,0.0,,False,True,False
Spin,cb08aaa0-789d-46bc-817f-1b14ee87c0a8,e-bike,40.0940431,-82.94557923333332,0.0,,False,True,False
Spin,7115b25e-47d7-4a14-a262-8a69d01d9bcd,scooter,39.977131,-83.005077,0.0,,False,True,False
Spin,7d6a244d-1521-4528-98ee-d4e764ad4648,scooter,39.963866,-83.024018,0.0,,False,True,False
Spin,109292a4-fe9f-44bf-8134-7d36a47ae5fb,e-bike,39.96897166666667,-83.00382499999999,0.0,,False,True,False
Spin,e5957180-82ca-4d1a-8d68-a1c1e4812fac,scooter,40.00336,-82.977567,9.0,2.45,False,True,False
Spin,5c2d8745-bb3e-47ea-92cd-afd336daf830,e-bike,39.95881133333333,-82.91173033333334,0.0,,False,True,False
Spin,1118cfbc-51e2-4a6a-80b6-fa9518603174,scooter,40.014152,-82.974689,8.0,2.14,False,True,False
Spin,6d2b3b5e-4ebd-4168-9ca9-d4fadcd7690b,e-bike,39.959765,-83.02168000000002,6.0,1.76,False,True,False
Spin,39e5d3ac-7fc5-4782-a4e1-f8cf80f0c34c,scooter,39.978244,-83.019945,11.0,3.06,False,True,False
Spin,05a7b5ee-c242-490f-833c-95f55d33e0b0,scooter,40.013991,-82.967312,0.0,,False,True,False
Spin,ca1b2ed4-cd96-428e-bb93-6e3ac77d0ce3,scooter,39.941816,-82.973331,0.0,,False,True,False
Spin,1e7b1d26-782b-4243-8422-09fe13fb45de,e-bike,39.976510950000005,-82.98982085000002,0.0,,False,True,False
Spin,8ebc7d07-012f-4803-9d77-8e9bb4142cbf,scooter,39.971256,-83.004791,2.0,0.59,False,True,False
Spin,6362c7e4-f487-4385-906f-a8e787805a62,e-bike,39.94167063333334,-82.95873583333332,8.0,2.05,False,True,False
Spin,3472fd5b-e6b8-4df3-a33d-72fa8f8bccc0,e-bike,39.96311883333333,-82.98171843333333,0.0,,False,True,False
Spin,2d2e3d53-e088-4937-afb7-5f053fe6f308,scooter,39.971898,-82.970257,3.0,0.88,False,True,False
Spin,0300f51b-e0d1-4b79-9e98-9b6ef454644f,scooter,39.996517,-82.999109,0.0,,False,True,False
Spin,71931c9b-c783-46b3-b293-b8ad6d80bf6b,scooter,39.956575,-82.987808,0.0,,False,True,False
Spin,a78cb52d-e1fe-494f-9573-74804db2842f,scooter,40.020373,-82.99074,5.0,1.46,False,True,False
Spin,6a1f993a-4931-44e8-a6df-c68fd5424608,scooter,39.977022,-82.995496,12.0,3.22,False,True,False
Spin,e1093898-059d-4840-825d-4c464515e659,scooter,39.995117,-83.003566,4.0,1.17,False,True,False
Spin,7347070a-8e33-46ad-8bec-8446c34a0467,scooter,39.948361,-83.00785,0.0,,False,True,False
Spin,6628d60f-07af-4133-a511-5ebe09c27287,e-bike,39.99563753333334,-83.0402581,10.0,2.63,False,True,False
Spin,71537192-86ea-43ee-a495-442df6d7c2d6,e-bike,39.995635633333336,-83.0402668,2.0,0.59,False,True,False
Spin,03ea52c8-762a-448d-9dc1-ffaa10dd33ed,scooter,39.953592,-82.974935,14.0,3.8,False,True,False
Spin,6ff89148-c444-4eb5-8d1d-f8c2268ed138,scooter,39.990278,-82.979607,12.0,3.22,False,True,False
Spin,995e3f51-cf15-478e-9cf3-70db3fcbc0b9,scooter,40.026607,-82.938553,0.0,,False,True,False
Spin,1ad098e9-0392-4486-a577-0cf9b14fcfb3,e-bike,39.96134166666666,-82.96855666666667,14.0,3.8,False,True,False
Spin,3a858c2b-936c-46a3-82bb-a472cfd06e24,scooter,39.962969,-82.976564,3.0,0.88,False,True,False
Spin,4e0d2b23-3ac8-4b03-8366-9303ebdf6e9c,e-bike,39.95721,-83.00690666666667,0.0,,False,True,False
Spin,1f2b01f5-2b78-4bd9-9861-7876f5772ee6,scooter,39.94224,-82.979605,12.0,3.37,False,True,False
Spin,00250508-47d7-40d4-9bb6-851a32bc6dd3,scooter,39.952118,-83.064832,0.0,,False,True,False
Spin,ae3316eb-17dc-43ca-bbd2-92b916bb045a,e-bike,39.98779895,-83.02227669999999,2.0,0.59,False,True,False
Spin,55770d34-3a87-4620-99cd-47eeacdc9194,scooter,39.995964,-82.979955,14.0,3.8,False,True,False
Spin,dae9e93c-7e6d-4af8-8d4d-33ae4b7a39a2,e-bike,39.97344833333333,-83.00273666666665,0.0,,False,True,False
Spin,b2084060-986a-4b0d-9a9e-2a879a0f975d,scooter,40.004068,-82.955105,0.0,,False,True,False
Spin,fb457786-830f-428c-9682-d099dce29f49,scooter,40.004740399999996,-83.01520370000001,67.0,18.15,True,False,False
Spin,37bd2b0a-2e3c-4609-ad7e-99da2ff9931e,scooter,40.004803,-83.011848,30.0,8.19,True,False,False
Spin,0967d797-aff3-4327-aa53-06381ccac24c,scooter,40.005992,-83.013808,35.0,9.66,True,False,False
Spin,098e361f-8bcd-4919-a66c-0e2f921f80bc,scooter,40.006789899999994,-83.04603370000001,40.0,10.83,True,False,False
Spin,a0eb542c-60bd-49bc-8ecc-3c1ef10b0828,scooter,40.0040132,-83.0210956,68.0,18.44,True,False,False
Spin,bd9c552f-debd-492d-879d-2d8f84453043,scooter,40.00543,-83.013739,35.0,10.11,True,False,False
Spin,f98396bc-7a6c-4348-b2cf-5667d8ec3e87,scooter,39.996250833333335,-83.0087273,32.0,8.78,True,False,False
Spin,d200fb24-a08b-41b4-aa51-fa25c45cdc96,scooter,40.002251,-83.008635,28.0,7.61,True,False,False
Spin,9062b304-ca91-4080-8b4f-b81b08fbc096,scooter,40.0053509,-83.0102261,33.0,9.07,True,False,False
Spin,c6016731-dfb7-43de-95b7-5690331a76ec,e-bike,40.004423333333335,-83.00950833333333,76.0,20.78,True,False,False
Spin,ccf3e3b5-c7a8-4248-9e58-df3869d09555,scooter,39.997052,-83.007534,59.0,16.85,True,False,False
Spin,32f4dee2-7c27-4127-9535-0a4f08d83689,scooter,39.996988,-83.007565,45.0,12.87,True,False,False
Spin,400670e2-de5f-4529-aa3e-bd326347e256,scooter,39.997037,-83.007614,31.0,8.49,True,False,False
Spin,0fbb6819-d7d3-48e2-82db-708f8af6b35a,scooter,39.99703123333334,-83.00759279999998,49.0,13.46,True,False,False
Spin,b863b8d3-dd58-45b9-ae77-38637afcbed0,scooter,39.997025,-83.00761,78.0,21.36,True,False,False
Spin,e01fb30b-85aa-4e92-8130-d8453e6f6311,scooter,39.997008,-83.007556,76.0,20.78,True,False,False
Spin,fec5a521-1f30-4e56-a415-09a505721ac7,scooter,39.997029,-83.007608,80.0,21.66,True,False,False
Spin,fd70b057-1ece-44ab-9c78-e8fefe0e9a3b,scooter,39.997002,-83.007569,76.0,20.78,True,False,False
Spin,fe072a09-c649-442c-bc32-49f94357b8dc,scooter,39.997024,-83.007599,72.0,19.61,True,False,False
Spin,9ca46aa3-b62a-4e88-8b41-cbf2dc0d3d13,scooter,39.997333,-83.017588,81.0,22.98,True,False,False
Spin,4a42de65-e85c-4bae-9542-9736bf1b8a2f,scooter,39.99298963333333,-83.02101040000001,43.0,11.71,True,False,False
Spin,d0081d93-109a-43af-bcea-d2e214f074b9,scooter,40.002188,-83.011844,70.0,19.91,True,False,False
Spin,608a0594-57fc-49bc-acd0-8c51272a7e79,e-bike,39.99816333333333,-83.01110166666668,62.0,16.97,True,False,False
Spin,3ff63b3e-e39f-4ec5-939a-fda68421d6be,scooter,40.00184,-83.025723,24.0,6.44,True,False,False
Spin,25179bd6-c0be-4fa7-9f08-61c94b3b03b4,scooter,40.0062342,-83.01661250000001,25.0,6.73,True,False,False
Spin,77dd7d63-e73f-439b-97c4-e63a6795de6e,scooter,40.0062819,-83.01660410000001,57.0,15.51,True,False,False
Spin,d794cd4e-e831-42da-be61-a2518dc43f17,e-bike,40.001484,-83.0132309,74.0,20.19,True,False,False
Spin,a5102580-fe93-4029-b6e1-2a21a2924b95,scooter,40.005758,-83.040725,78.0,21.36,True,False,False
Spin,2f7937f2-b3fa-4cbf-899a-f5ef0d8448f0,scooter,40.001226,-83.011893,27.0,7.32,True,False,False
Spin,2002ed6e-a9b0-41e2-9568-694a849579fb,e-bike,39.99909113333333,-83.00921670000001,19.0,5.27,True,False,False
Spin,e8466a7d-6eae-4939-afe2-9e93fa22139a,e-bike,40.0018065,-83.01545489999998,31.0,8.49,True,False,False
Spin,c213d664-f494-40c8-9cd9-c71e0c277c26,scooter,39.997771,-83.032574,22.0,5.85,True,False,False
Spin,c733570b-27ca-4236-a149-3469e18ee4f0,scooter,39.99977283333333,-83.0087785,88.0,24.0,True,False,False
Spin,64e9f6cc-df9a-47bd-9df9-22bca08ba3a0,e-bike,39.995018333333334,-83.01684333333333,54.0,14.63,True,False,False
Spin,c269ba1d-c594-4985-8f8c-a6991246e30d,scooter,40.0052305,-83.01026410000001,72.0,19.61,True,False,False
Spin,6c06265a-0913-4918-8d32-e7f7e7bf9eb1,scooter,39.998183,-83.008095,55.0,14.93,True,False,False
Spin,b7ad5162-994a-4fa1-a6b1-29d862ab30e6,scooter,39.99704,-83.007595,75.0,20.49,True,False,False
Spin,8e46db35-e251-4e3e-8083-e73cee1894ea,e-bike,40.0005987,-83.0101618,86.0,23.41,True,False,False
Spin,92eb1a09-bc83-46ad-a15c-bf48e6afa360,scooter,40.0010677,-83.01404210000001,52.0,14.05,True,False,False
Spin,fa0a7021-51ff-42cb-a6ac-06a3d79f246a,scooter,40.000667,-83.016373,53.0,14.34,True,False,False
Spin,d7c53a18-21b3-416d-9997-a6b4de51db28,scooter,40.005236,-83.016684,45.0,12.29,True,False,False
Spin,956fbade-bd90-4152-8806-53ced332ead4,e-bike,40.0001268,-83.00978959999999,60.0,16.39,True,False,False
Spin,d8d7c24c-648a-42b0-a195-fd8bb568655e,scooter,40.003777,-83.012764,77.0,21.07,True,False,False
Spin,809ff63c-2b84-49af-a8a7-94fdce19a0f8,scooter,40.002064000000004,-83.0115084,75.0,20.49,True,False,False
Spin,bd91ec2d-7786-4d1c-b6d1-12bbdd3f1409,scooter,40.003981,-83.014619,30.0,8.19,True,False,False
Spin,2fcdbfde-25f7-467f-89c4-d7cab0638744,e-bike,39.99512183333333,-83.0169043,25.0,6.73,True,False,False
Spin,41bbb027-06b3-4584-a221-e1f6b6cf4c14,e-bike,40.000749899999995,-83.0143101,24.0,6.44,True,False,False
Spin,e06d1031-7940-4f94-8274-e82fe466bb22,scooter,40.008223,-83.0335751,61.0,16.68,True,False,False
Spin,4c372244-6622-4901-acfc-ecbd1f77cce4,scooter,40.0020885,-83.01288459999999,90.0,24.58,True,False,False
Spin,a64d7b01-86c7-4157-9d1a-2763a424f389,scooter,39.99613773333333,-83.0203707,54.0,14.63,True,False,False
Spin,8a21a519-aee8-4e78-a7b4-fdcad55ff0ca,scooter,40.00209529999999,-83.01622710000001,56.0,15.22,True,False,False
Spin,8d9dc6c8-818c-43fb-b28e-6b9cc4ecfb96,scooter,39.99781083333333,-83.00776429999999,88.0,24.0,True,False,False
Spin,f4c23b55-a394-45fc-a180-0fc9c730cc88,scooter,40.0047396,-83.0154177,61.0,16.68,True,False,False
Spin,166648be-48eb-4c19-ba8d-6ad8f2dc97cb,scooter,39.998191,-83.015847,70.0,19.02,True,False,False
Spin,4da28882-3dd2-4a49-b2df-1312d808fa19,e-bike,40.0004834,-83.01241110000001,68.0,18.44,True,False,False
Spin,379ef806-f33d-492e-a3c4-7e4f2e47dc07,e-bike,40.00089333333334,-83.01417833333335,20.0,5.56,True,False,False
Spin,3e287123-1597-4bc8-bcd0-5e7b759698dd,e-bike,39.992423433333336,-83.01861060000002,40.0,10.83,True,False,False
Spin,5a962741-e6f2-4e5e-9930-e7c699dc9c70,scooter,39.99703493333333,-83.0075768,91.0,24.88,True,False,False
Spin,d4438947-7815-4931-bb6c-fe30cde865c7,scooter,40.00415,-83.014988,19.0,5.27,True,False,False
Spin,e2f5bac5-7787-49e6-ac50-5958bc997a14,scooter,40.003249,-83.008552,97.0,26.34,True,False,False
Spin,3c12423c-b8ed-46ac-8813-d2a9c53f477e,scooter,40.016044,-83.030687,72.0,19.61,True,False,False
Spin,1d0c869b-274b-41ee-af80-b35b5ffa75dc,e-bike,39.99906943333334,-83.0091653,38.0,10.24,True,False,False
Spin,530104b1-aba6-4de9-bf8c-4cf8697c67e8,scooter,40.005855,-83.01659550000001,71.0,19.32,True,False,False
Spin,be9879fe-15c1-473f-8d04-09784b68b7f5,e-bike,40.0003507,-83.01109649999998,88.0,24.0,True,False,False
Spin,fffac9d9-9a7a-4474-a1b1-476012a11f3b,scooter,40.005956,-83.009566,73.0,20.83,True,False,False
Spin,b94991f9-562e-46ba-8ee7-f6cd798a9b49,scooter,40.004160999999996,-83.01160630000001,72.0,19.61,True,False,False
Spin,5a4deaf5-135c-43a3-9fd6-a6d9ed27c2bc,scooter,40.0041579,-83.01161400000001,57.0,15.51,True,False,False
Spin,e52a5d00-bf1a-4f24-91e0-8df2c4edd57a,e-bike,40.000557400000005,-83.0099886,86.0,23.41,True,False,False
Spin,96dba38a-84b6-4a3f-9063-e818a47be828,scooter,39.997693,-83.015006,94.0,26.65,True,False,False
Spin,eed88da9-c8a2-40e2-a95f-c88129aea746,scooter,39.996738,-83.010861,85.0,24.2,True,False,False
Spin,d7e89c50-9345-4da4-bc7b-012916d26c2e,scooter,40.000445,-83.013314,84.0,22.83,True,False,False
Spin,dbecb3b8-751b-442f-aeae-b006f8174d4b,scooter,39.997052,-83.007598,57.0,15.51,True,False,False
Spin,23870ab9-49ba-490a-add9-338c309ba9a9,e-bike,40.004645,-83.02128166666668,89.0,24.29,True,False,False
Spin,386971d0-1571-42b0-b03c-9212b5636090,e-bike,40.0046535,-83.0212872,85.0,23.12,True,False,False
Spin,e8b8f322-70bd-4efd-8f79-c72ba2cb4def,e-bike,40.001997800000005,-83.01287830000001,44.0,12.0,True,False,False
Spin,26017559-02ed-4e75-a944-e3ee1fa04598,scooter,40.002513,-83.017842,86.0,23.41,True,False,False
Spin,b529944e-4cbf-40a3-824d-d812ae3274f7,scooter,40.004227,-83.012293,95.0,25.75,True,False,False
Spin,150609c3-c141-4b5d-b345-d21c49d16f16,scooter,40.002216,-83.010811,19.0,5.27,True,False,False
Spin,c6eaaecf-d18d-4394-b7a8-b75846914b35,e-bike,39.99974893333333,-83.00909340000001,18.0,4.98,True,False,False
Spin,26c528a7-6662-4838-ac92-57c442839342,e-bike,40.0022559,-83.01153930000001,33.0,9.07,True,False,False
Spin,6e237fcf-6d1b-4f2e-a99b-6d6bbccb8ebb,e-bike,40.0024041,-83.01171260000001,86.0,23.41,True,False,False
Spin,a97ca603-3e8a-4909-925d-fe05a15439dd,scooter,39.997382,-83.008005,42.0,11.95,True,False,False
Spin,837766ab-069c-4295-8c3a-42f690c07ac6,scooter,39.99779873333333,-83.008023,24.0,6.44,True,False,False
Spin,b299f546-c2af-4d69-8fba-70df268155cb,e-bike,40.0042288,-83.01686579999999,61.0,16.68,True,False,False
Spin,28db7b13-9d91-4cd7-b961-2e29b5cf467b,scooter,40.002042,-83.012804,32.0,8.78,True,False,False
Spin,beef663e-e15e-46c1-94af-76ec0a2c7f77,e-bike,40.0008422,-83.01385409999999,43.0,11.71,True,False,False
Spin,4a3a2fd6-f005-4585-b4af-9f87c997b104,scooter,40.0024127,-83.01541010000001,56.0,15.22,True,False,False
Spin,4b8ed9d6-2984-48c5-8e64-62e0261d99d0,e-bike,40.00269,-83.01552166666667,100.0,27.22,True,False,False
Spin,821aa7a4-bde4-4622-b8e3-f764b224d5a9,e-bike,39.99971623333333,-83.009115,47.0,12.88,True,False,False
Spin,2a0985e7-e408-4b7d-88cb-23fb1b88da24,e-bike,40.016196,-83.03096660000001,28.0,7.61,True,False,False
Spin,cb39f3f6-8d72-4918-8af1-59c551daf9d3,e-bike,40.0017239,-83.01382100000001,88.0,24.0,True,False,False
Spin,93f82976-bf0d-4d22-b36f-a11c0a113195,scooter,40.002796,-83.01545489999998,97.0,26.34,True,False,False
Spin,ab2c8c0a-e93f-4a10-8914-a9f954a73487,e-bike,40.0033469,-83.0101345,34.0,9.37,True,False,False
Spin,c113b78b-b5cb-44b6-83a3-0b8b97b59219,scooter,40.0020764,-83.01589659999999,61.0,16.68,True,False,False
Spin,1df6e325-bcd2-42d3-82ad-0e4c111db069,e-bike,40.0162425,-83.02984409999999,28.0,7.61,True,False,False
Spin,c25751ba-ec31-4470-8d35-f3fc821d3cf8,e-bike,39.999774933333335,-83.02598019999999,29.0,7.9,True,False,False
Spin,318cc2fb-cd61-4553-91d2-7992c7595f11,scooter,39.998170333333334,-83.0081081,32.0,8.78,True,False,False
Spin,d236f299-152b-47d1-a604-ac36147ae73d,scooter,39.998181,-83.007826,26.0,7.02,True,False,False
Spin,f5e183a5-a052-4ef0-a152-c03b76a9d871,e-bike,39.99798033333333,-83.0326865,59.0,16.1,True,False,False
Spin,9d40de12-bfcd-4b68-9c56-d78e652d4727,scooter,40.0024843,-83.0123518,46.0,12.58,True,False,False
Spin,db55b15f-ca08-459b-9b3d-9d3368c636af,e-bike,40.004127000000004,-83.01503589999999,56.0,15.22,True,False,False
Spin,12d922b0-1487-4571-b588-e552e5a211bd,e-bike,39.99626523333333,-83.0170041,58.0,15.8,True,False,False
Spin,45abab2e-7080-4efc-9ed7-735f68abd571,scooter,40.001083900000005,-83.01179470000001,98.0,26.63,True,False,False
Spin,abd32e6e-7421-4027-b8fb-aa4540d09058,e-bike,40.0053488,-83.01000989999999,63.0,17.27,True,False,False
Spin,bdfc0467-95df-4348-a4ab-57d5c425bf8b,e-bike,40.002688400000004,-83.00879089999998,37.0,9.95,True,False,False
Spin,c029652e-603a-4909-8638-360aa29da4f7,e-bike,40.00425666666667,-83.01149666666667,60.0,16.39,True,False,False
Spin,9ad512ea-cb60-4363-a91b-61d88adf2c45,e-bike,40.0029679,-83.00875419999998,74.0,20.19,True,False,False
Spin,07b09473-32a5-40b2-af82-66bcd6909f18,e-bike,39.994005,-83.00675333333332,24.0,6.44,True,False,False
Spin,63af873e-c2bc-4e47-a4b4-e0d6d19bafb8,e-bike,40.0025809,-83.008691,74.0,20.19,True,False,False
Spin,e84d8eaa-5807-4f29-abd0-8d6fbd01465f,scooter,39.99825243333333,-83.0187612,76.0,20.78,True,False,False
Spin,f9414a65-dd3b-48b5-b9ca-08755aacb99c,e-bike,39.99709666666667,-83.01740833333334,63.0,17.27,True,False,False
Spin,1e3238fb-7b38-45b7-9ce5-ae3c35285fc8,e-bike,40.0046446,-83.0212749,59.0,16.1,True,False,False
Spin,077ec4e8-3e20-46a7-b989-756445f3edae,e-bike,39.99854053333333,-83.0217728,62.0,16.97,True,False,False
Spin,a37c8b06-6881-452f-a8b7-28123fe2d500,scooter,40.0081904,-83.02633499999999,96.0,26.05,True,False,False
Spin,36553df9-9621-4cae-b8e4-1fd0480cc9d6,e-bike,40.0021383,-83.01052059999999,88.0,24.0,True,False,False
Spin,77ab2ee1-b6a7-4a36-ae2e-08b24a9bcf40,e-bike,40.000111700000005,-83.0097678,89.0,24.29,True,False,False
Spin,655dde50-d38a-4e26-ae3f-eec71cd185b8,scooter,40.004074599999996,-83.0201705,98.0,26.63,True,False,False
Spin,de163c7c-453c-4616-a3e6-97c5c86e7609,scooter,40.006369,-83.016572,35.0,9.66,True,False,False
Spin,46f27b2e-3521-4caf-9d54-36f8ea5166a9,e-bike,39.992352233333335,-83.01725319999998,53.0,14.34,True,False,False
Spin,adeef6cd-3c60-4931-976b-3ebdb7cb7dff,scooter,39.994145,-83.019222,77.0,21.07,True,False,False
Spin,874c6752-b9b6-420d-8b4d-27b47ac2fd51,e-bike,39.998559633333336,-83.00944239999998,63.0,17.27,True,False,False
Spin,637e47f5-427f-40aa-919c-7ba806794cf6,e-bike,40.0022873,-83.0157242,44.0,12.0,True,False,False
Spin,e81515d9-d06b-4726-b21a-02d9ddf8d7ec,scooter,40.004085499999995,-83.01499719999998,33.0,9.07,True,False,False
Spin,64bd0851-95a8-4d59-93c9-3df645e2940e,scooter,40.001402,-83.008355,67.0,18.15,True,False,False
Spin,81bc80ad-55b4-40f3-b6c5-af487add4c28,e-bike,40.0048287,-83.0157733,20.0,5.56,True,False,False
Spin,33b8e8a6-564d-4189-bc28-473bfe01845d,e-bike,40.001693700000004,-83.014029,61.0,16.68,True,False,False
Spin,193b546a-498a-4339-ac31-f34bfd9d967c,scooter,39.99710353333333,-83.00840869999999,24.0,6.44,True,False,False
Spin,09b814dc-717c-4c39-98f2-2b794a40c7bb,e-bike,40.0009349,-83.01339520000002,86.0,23.41,True,False,False
Spin,7dbc5e3d-fa5d-44e8-855c-e5a29ae14cbc,e-bike,40.0017368,-83.01377740000001,25.0,6.73,True,False,False
Spin,883a9cde-68fd-47f5-a823-6ac2ae1999c3,e-bike,40.00102166666667,-83.01304666666668,37.0,9.95,True,False,False
Spin,4d0cb718-eafc-4a53-9f08-edfa44cfcc7d,scooter,40.004715,-83.010213,94.0,25.46,True,False,False
Spin,9ff2adae-0956-4443-b2bd-9d876ba188cb,e-bike,39.99813666666667,-83.01598833333334,55.0,14.93,True,False,False
Spin,1d30fd58-26c3-4735-a288-f0edc2b892e6,e-bike,40.0026656,-83.01359599999999,38.0,10.24,True,False,False
Spin,09a3e014-10cb-4285-a1c3-d4c134d24356,e-bike,40.00483,-83.01065833333332,86.0,23.41,True,False,False
Spin,eedf043d-b28d-48a7-b063-3e366910a14f,scooter,40.004990199999995,-83.0195229,43.0,11.71,True,False,False
Spin,e46d8b88-4912-47fa-bfa5-120317ff30f9,scooter,40.00612,-83.017049,96.0,26.05,True,False,False
Spin,1b2a2529-1ece-4237-a02e-f82f8dfd8ce8,e-bike,39.999765733333334,-83.0087406,87.0,23.71,True,False,False
Spin,16e152c9-607f-40f9-976d-a6437ba0b0d3,scooter,40.0000129,-83.02162019999999,100.0,27.22,True,False,False
Spin,bad4ccc2-3275-45b5-a2a0-9855da453af7,e-bike,40.0006039,-83.01021999999999,41.0,11.12,True,False,False
Spin,aaccd6d6-52c3-4001-a854-7808bc8153c6,e-bike,40.0003418,-83.01809309999999,75.0,20.49,True,False,False
Spin,616602ed-a113-41a3-b53f-8c9ec0bcfad9,scooter,40.001047,-83.0140864,100.0,27.22,True,False,False
Spin,db0031de-ed0c-421b-8472-43be201a3549,e-bike,40.000869400000006,-83.01302249999999,66.0,17.85,True,False,False
Spin,c8e25c96-9b59-4dad-bc22-d27d98222d4b,e-bike,40.0026077,-83.01551130000001,90.0,24.58,True,False,False
Spin,999efd21-342f-455a-9aab-e14944a7a8a7,scooter,40.002464499999995,-83.014588,73.0,19.9,True,False,False
Spin,88ec3008-f2ec-434f-a68b-37cf1c522a71,scooter,40.001689,-83.015737,28.0,7.96,True,False,False
Spin,f82baded-3841-47ed-aa9e-5674c859c33e,e-bike,40.000342599999996,-83.01425130000001,76.0,20.78,True,False,False
Spin,77d49bd6-e8ed-4586-8275-d0212722fb60,e-bike,40.0033168,-83.01011969999999,57.0,15.51,True,False,False
Spin,3539af7b-6230-425b-9607-863630f3b96b,e-bike,40.0013001,-83.01520020000001,30.0,8.19,True,False,False
Spin,6810ae0d-41a9-422e-b83a-b09561b4daa7,scooter,39.994399,-83.015388,24.0,6.74,True,False,False
Spin,6b618e40-e56f-4207-a18c-4f4d4014db2d,scooter,40.0014343,-83.01321850000001,34.0,9.37,True,False,False
Spin,fdedcf29-ed0d-4deb-8ce5-cc87606c71ca,scooter,40.000164,-83.015496,63.0,18.07,True,False,False
Spin,0ab289ae-e035-4fcd-9d3a-f730cb0365d6,e-bike,40.0009278,-83.0132884,66.0,17.85,True,False,False
Spin,b0114171-6e1d-4984-9912-a45388b37362,e-bike,40.001091800000005,-83.01325630000001,53.0,14.34,True,False,False
Spin,8c884d5e-b981-4801-ba7d-2b1555305156,scooter,39.998217,-83.021952,75.0,20.49,True,False,False
Spin,0cf4b436-efab-47f9-838e-9c45ec0f1aa1,e-bike,40.003544600000005,-83.0094288,25.0,6.73,True,False,False
Spin,47d2d9d7-c133-4775-a4d1-0f1236c62e20,scooter,40.001803699999996,-83.01462070000001,59.0,16.1,True,False,False
Spin,4bad6a75-1e96-4547-a6d9-6309cd5eb5ae,e-bike,40.016050400000005,-83.02974850000001,37.0,9.95,True,False,False
Spin,4b72d860-ab86-4271-89e4-4c4ea3319f3e,e-bike,40.001491666666666,-83.01568333333334,45.0,12.29,True,False,False
Spin,59092e82-a0b1-4223-9f61-b1ffa155de5b,e-bike,40.0015901,-83.01559700000001,86.0,23.41,True,False,False
Spin,63a608d0-a01e-4d80-874b-bc207799d483,scooter,39.998372,-83.017323,80.0,21.66,True,False,False
Spin,afbe36ed-4ae2-4295-9eda-36ee3711e136,scooter,39.99834,-83.022287,63.0,17.27,True,False,False
Spin,24abf6e8-b846-40d4-803c-0756f689b087,e-bike,40.006724999999996,-83.0235769,37.0,9.95,True,False,False
Spin,6ba1d3d2-630b-4568-b3e6-a3816bdc3c85,e-bike,40.00672115,-83.02356221666666,87.0,23.71,True,False,False
Spin,55861360-eb83-4fc5-ae31-0164b5e02db2,e-bike,40.0067113,-83.0235881,65.0,17.56,True,False,False
Spin,f301ccd3-f94b-4099-b9b2-4d25720707f4,e-bike,40.0067077,-83.02359849999999,42.0,11.41,True,False,False
Spin,c3424155-b719-4c7c-b0a5-afad2c25d23c,e-bike,40.0067064,-83.0235958,33.0,9.07,True,False,False
Spin,956078e9-bac8-4dde-977e-a1cda72f43ce,e-bike,40.00673833333334,-83.02357333333333,29.0,7.9,True,False,False
Spin,60c0453f-cb16-4843-9ca1-44354b37d12f,e-bike,40.0067347,-83.0235492,44.0,12.0,True,False,False
Spin,49aa3445-ba6c-4ec8-a78a-8fc38239c1c5,e-bike,40.0160349,-83.0306585,83.0,22.54,True,False,False
Spin,c286e4df-eaeb-45aa-800d-8f57fb655740,scooter,40.006560300000004,-83.0193277,85.0,23.12,True,False,False
Spin,97ba61ed-ad6b-44ca-a22c-6c1bb2eeb87a,scooter,39.995450733333335,-83.0073537,100.0,27.22,True,False,False
Spin,0189d42f-575d-44d3-8fe1-da3ae737167e,e-bike,40.001944200000004,-83.01255940000001,20.0,5.56,True,False,False
Spin,18e02113-09bf-48e7-ac26-3ffe8b150571,e-bike,40.0044385,-83.02432789999999,96.0,26.05,True,False,False
Spin,f8baf3b1-8230-48cf-a121-8688d428bf0a,e-bike,40.002181400000005,-83.0110044,20.0,5.56,True,False,False
Spin,e6ed63d3-e727-4fd3-bc59-56075786772c,scooter,39.994675,-83.021065,19.0,5.51,True,False,False
Spin,91615632-c54f-45e1-b158-372040cda9e8,scooter,39.996565,-83.01569,96.0,26.05,True,False,False
Spin,38441a1d-9807-409f-9067-fbca0dd3b3a7,e-bike,40.0016498,-83.01533640000001,56.0,15.22,True,False,False
Spin,a164b374-209c-40a5-b45f-6d77cfed1696,e-bike,40.0041668,-83.0151775,94.0,25.46,True,False,False
Spin,f6bc3a97-6503-4a52-aa33-b58727e2d615,scooter,40.000797,-83.014292,22.0,5.85,True,False,False
Spin,a68c0cb7-e644-433d-b75b-6f860b996be9,e-bike,39.99763213333333,-83.0293593,85.0,23.12,True,False,False
Spin,3c7c8560-78b0-428b-add0-72b574520f20,e-bike,39.99412183333333,-83.006827,39.0,10.54,True,False,False
Spin,b9f0f873-3a06-4ecf-837b-ec693ef13d50,e-bike,39.99411421666667,-83.00681931666668,32.0,8.78,True,False,False
Spin,e04839af-9d21-44d1-ac8a-bb01f9269ac3,e-bike,39.994119733333335,-83.00683499999998,44.0,12.0,True,False,False
Spin,bab3176d-817b-47e7-8054-f93e24b79199,e-bike,39.99411443333334,-83.0068251,44.0,12.0,True,False,False
Spin,12f1bfbc-2a93-47e0-9211-e157e20a229a,e-bike,39.99412183333333,-83.00681879999999,75.0,20.49,True,False,False
Spin,bad646b4-15e1-4625-b030-815c9eec9812,e-bike,39.99411643333334,-83.0068482,41.0,11.12,True,False,False
Spin,902c6b2c-01be-464b-bf2c-8c75fb4164aa,scooter,39.997021,-83.007555,92.0,26.34,True,False,False
Spin,4cfa3946-f954-495e-ab04-3b37aa17f3cf,e-bike,40.00063333333333,-83.03480166666668,27.0,7.32,True,False,False
Spin,0763b3e0-b391-48cf-a6c6-235494f4e501,scooter,40.008243,-83.028317,100.0,27.22,True,False,False
Spin,01b2e49e-1213-4850-b733-7b2657607244,e-bike,40.0025465,-83.0157374,71.0,19.32,True,False,False
Spin,7c65e00a-2f81-48b9-843f-1ba47ba0a406,e-bike,39.99639743333333,-83.01799950000002,39.0,10.54,True,False,False
Spin,69469f1a-5c7d-4ac8-95d1-dd9c10b3f0d3,e-bike,40.0100029,-83.02384930000001,53.0,14.34,True,False,False
Spin,80b0b9d5-e129-4555-b362-87c4211af31b,e-bike,40.00551166666666,-83.01153333333332,58.0,15.8,True,False,False
Spin,3d02b1cb-44af-4eb8-aff5-4d8a871f5d83,e-bike,40.0018354,-83.0108064,35.0,9.66,True,False,False
Spin,43545ebd-b4f0-49e5-8553-41ea664d821c,e-bike,39.99987493333333,-83.0220824,77.0,21.07,True,False,False
Spin,1c0adf2f-7d0e-493a-b8c7-d672e40a6d80,e-bike,40.0021859,-83.0147304,87.0,23.71,True,False,False
Spin,7d267c64-8d20-4cf5-b572-c42d482876e7,e-bike,39.99388123333333,-83.0203176,76.0,20.78,True,False,False
Spin,2f153f99-b753-44a0-8ca2-ec15f0048c6c,scooter,40.001123,-83.014035,100.0,27.22,True,False,False
Spin,c0e8f14a-ab30-4a57-b1bf-7f7cce7be696,scooter,40.0018969,-83.01355290000001,99.0,26.93,True,False,False
Spin,6b7da74e-0726-4fab-ba63-ef3c3fd5ef26,e-bike,40.0179434,-83.0247696,25.0,6.73,True,False,False
Spin,b246c745-4916-45c1-b45c-9538cfcee243,e-bike,40.0039568,-83.0173124,30.0,8.19,True,False,False
Spin,d77f5d44-0adc-4b3b-9d3f-c0bb51924c83,scooter,39.99591753333333,-83.01103659999998,78.0,21.36,True,False,False
Spin,f1828956-04fe-48e1-9872-4876ca51ed4b,e-bike,39.99454273333333,-83.02105080000001,46.0,12.58,True,False,False
Spin,5fe41107-74eb-4be2-a17f-b221d321168c,e-bike,39.999825,-83.01621833333333,80.0,21.66,True,False,False
Spin,00313b47-1bf6-4fe9-9a27-d184dea1f3b2,e-bike,40.0053626,-83.01483260000002,86.0,23.41,True,False,False
Spin,c0439f49-f822-406d-b049-a5b11659e727,e-bike,40.004155399999995,-83.01504089999999,71.0,19.32,True,False,False
Spin,e5900c9e-9aef-453f-a96a-f7347d9191a0,e-bike,40.0017079,-83.01400290000001,54.0,14.63,True,False,False
Spin,3504b380-a342-4efa-9eaf-67f7e21b09b5,e-bike,40.0035681,-83.0095927,43.0,11.71,True,False,False
Spin,e63262e6-3be5-4f3e-9bd9-fe94976d0099,e-bike,40.0047132,-83.01542220000002,42.0,11.41,True,False,False
Spin,33531bb3-9da9-42bb-b39a-4957943e32fd,e-bike,40.0006376,-83.0156063,30.0,8.19,True,False,False
Spin,020a157b-b3a9-4e07-a238-7efd99f21516,e-bike,40.002198799999995,-83.0124645,38.0,10.24,True,False,False
Spin,d9f27360-e3ed-4964-850c-eb0c7080c20a,e-bike,40.002590000000005,-83.01382666666665,24.0,6.44,True,False,False
Spin,b98d9e96-aec6-454e-a35c-c3973058166f,e-bike,40.0007392,-83.0148563,23.0,6.15,True,False,False
Spin,74c3a46c-a1fe-4de1-abb3-fc66801683a4,e-bike,40.001015,-83.01392,71.0,19.32,True,False,False
Spin,cfc5d9ba-0a44-4ce7-a6a3-5d5244950dbb,scooter,39.99792063333334,-83.0152685,66.0,17.85,True,False,False
Spin,68cf51e4-ff14-41b9-9c94-a6464980d470,scooter,40.001526,-83.009394,62.0,16.97,True,False,False
Spin,a46b2d72-3679-42f3-a1e5-ed0fe34f8181,e-bike,39.999280033333335,-83.0099886,30.0,8.19,True,False,False
Spin,e2ba5cfe-d9d1-4b3a-9982-2b9234b90c9c,e-bike,39.994243233333336,-83.008907,30.0,8.19,True,False,False
Spin,43b8a2d8-fb55-4f2f-8762-9c210ad6722d,e-bike,40.0028325,-83.02655869999998,75.0,20.49,True,False,False
Spin,1b847299-9965-443e-8619-fd014a9e5f8d,e-bike,39.99429173333333,-83.01107259999999,41.0,11.12,True,False,False
Spin,cc5f2636-af49-46e5-9f8e-6e5fba8dcd0b,e-bike,40.002244600000004,-83.015825,34.0,9.37,True,False,False
Spin,7429824e-0f91-48ca-832d-d2ba977fa055,scooter,39.998198,-83.009721,96.0,26.05,True,False,False
Spin,12e5dbe8-9947-4151-9b8a-82392cfccd35,e-bike,40.015811,-83.0305258,84.0,22.83,True,False,False
Spin,60fec261-d21c-4d65-a314-b664e66ff8c1,e-bike,40.006811299999995,-83.047648,46.0,12.58,True,False,False
Spin,5a2cd5e0-2769-4907-b785-f500126ecd70,e-bike,40.0135313,-83.0282208,53.0,14.34,True,False,False
Spin,cc4a6d49-e1f6-4dc4-b9db-dbc09063902a,scooter,39.99907,-83.010333,98.0,26.63,True,False,False
Spin,9e0bb7aa-61dc-486a-bd01-78a6d2b10b2d,e-bike,40.002208333333336,-83.01347,19.0,5.27,True,False,False
Spin,a96335d6-c3c6-4bb1-9d1d-8fd19c36e6f6,scooter,39.999031,-83.010356,72.0,19.61,True,False,False
Spin,be8801b1-b0dc-43e6-b7b7-17f6dcef938f,scooter,39.998941,-83.010338,37.0,9.95,True,False,False
Spin,35cc0d37-fa60-470f-8d78-a1c24bddc520,e-bike,40.002996100000004,-83.00886940000001,34.0,9.37,True,False,False
Spin,147a572a-6a53-49bf-a035-b239ce26043c,e-bike,40.000558,-83.0267739,19.0,5.27,True,False,False
Spin,b05c25d5-d7f7-480f-a3ca-f7556d2e6d98,e-bike,40.0035858,-83.00996949999998,91.0,24.88,True,False,False
Spin,d5577eb8-1398-4559-b325-76c9d7112d4d,e-bike,40.0055537,-83.01154139999998,63.0,17.27,True,False,False
Spin,cf223f87-eaf1-4dbf-a1ee-77f7d69cd062,e-bike,40.004036899999996,-83.01883590000001,70.0,19.02,True,False,False
Spin,61d1c644-120c-4304-b40a-b4e72f4983fb,e-bike,40.000571199999996,-83.01017500000002,46.0,12.58,True,False,False
Spin,552e1efd-735e-459e-9662-a936b92d54a5,e-bike,40.000464400000006,-83.00853710000001,71.0,19.32,True,False,False
Spin,33d5622b-18ae-4bb6-8e36-3de13a897772,e-bike,39.998820433333336,-83.0385723,49.0,13.46,True,False,False
Spin,c39875b2-6a2c-4614-9d3e-adb7606b12d6,e-bike,40.0014187,-83.01007640000002,80.0,21.66,True,False,False
Spin,54d32c86-9b5f-4542-a920-a1bb299bc415,e-bike,39.99878483333334,-83.00764920000002,57.0,15.51,True,False,False
Spin,d12fb3bc-283b-412d-b98c-05a05390ed4e,e-bike,40.00125190000001,-83.0158325,95.0,25.75,True,False,False
Spin,dca3f8f6-04fa-4d17-a48f-2bab5616637b,e-bike,39.99709283333333,-83.0092063,24.0,6.44,True,False,False
Spin,11e3daae-c730-4352-b964-2db409047e96,e-bike,40.0051255,-83.0165885,84.0,22.83,True,False,False
Spin,61cab080-bc83-46b4-a89c-29c6efcb54e5,e-bike,40.0018387,-83.0256951,29.0,7.9,True,False,False
Spin,b28fe67d-94ae-4239-b5bd-7feae3bce8d1,e-bike,40.0023431,-83.00868360000001,42.0,11.41,True,False,False
Spin,9b767acc-c66b-4b85-b737-69b32f31feed,e-bike,40.0037314,-83.0118452,96.0,26.05,True,False,False
Spin,6b7cea23-9eaa-46dd-9598-b4182a9e6703,scooter,40.0133231,-83.0274495,23.0,6.15,True,False,False
Spin,e51fa8eb-00f0-4dc3-9e74-e5716b49f587,e-bike,40.0055545,-83.01152679999998,29.0,7.9,True,False,False
Spin,afd83d93-12d0-430e-8fc2-f9db00d9eac1,e-bike,39.99687263333333,-83.03730900000001,29.0,7.9,True,False,False
Spin,488d0db7-3f88-4f78-b767-0086aa1ed99f,e-bike,40.0035415,-83.015068,91.0,24.88,True,False,False
Spin,c194252b-bb4d-4385-a57d-a26babae5659,e-bike,40.0019201,-83.0164846,67.0,18.15,True,False,False
Spin,32f45687-cbc5-4624-b67c-a9f871181458,e-bike,40.003099199999994,-83.03276849999999,70.0,19.02,True,False,False
Spin,69ce4b0d-fa15-4ac8-8253-28d668b941e1,scooter,39.997013,-83.015059,34.0,9.37,True,False,False
Spin,32f2d59a-dc68-4c13-a43c-808a93462471,e-bike,40.0059537,-83.01940170000002,98.0,26.63,True,False,False
Spin,1a45dd5b-dc15-48ec-a6d9-9008a3548668,e-bike,40.0040635,-83.02080550000001,63.0,17.27,True,False,False
Spin,9981c996-bae9-42ff-9189-0ebe1944fcc9,e-bike,39.997049999999994,-83.00949166666666,74.0,20.19,True,False,False
Spin,654da0b0-d2b7-4df4-951e-1a677b952333,e-bike,40.005362500000004,-83.01021,86.0,23.41,True,False,False
Spin,c858c3e8-1419-4c7e-995f-cd2450ff5f5a,e-bike,39.994838333333334,-83.01139833333333,57.0,15.51,True,False,False
Spin,a0912138-9205-4428-876e-8cd54d70ebf8,e-bike,40.0024069,-83.00996830000001,40.0,10.83,True,False,False
Spin,f1ad83dc-9ddf-40f0-8d9e-dc494b4df926,e-bike,40.0059268,-83.00954269999998,48.0,13.17,True,False,False
Spin,3b965840-11e9-4f12-a5c9-e5764ded1d9a,e-bike,40.0059195,-83.0095008,85.0,23.12,True,False,False
Spin,01138bfa-e42c-4687-b109-3dfdc6a25fb6,e-bike,40.005908,-83.0095064,87.0,23.71,True,False,False
Spin,8e3343a3-581d-4238-bc7f-fd928dc4195a,e-bike,39.999025833333334,-83.0101088,19.0,5.27,True,False,False
Spin,d68d0c9e-0f87-4894-92f1-81808a902cff,e-bike,40.0066676,-83.0271769,20.0,5.56,True,False,False
Spin,63af4ea0-9bd7-42fb-b2d9-6cfd444ecb4f,e-bike,40.00034155,-83.01812321666667,43.0,11.71,True,False,False
Spin,446bab6e-7913-4a18-8f68-ea1e5e73654f,e-bike,40.0003508,-83.01811330000001,71.0,19.32,True,False,False
Spin,48649bf9-f358-4fd2-913f-f322dada940a,e-bike,40.0003477,-83.01812120000001,37.0,9.95,True,False,False
Spin,de489fea-af29-4446-83c6-a8078bf9a0e1,e-bike,40.0003551,-83.01814549999999,76.0,20.78,True,False,False
Spin,bc564365-b8fa-4c4a-8ba6-649ac92d6da6,e-bike,40.00032915,-83.0181037,48.0,13.17,True,False,False
Spin,303b9711-6198-4564-a431-ab0e761a3d71,e-bike,40.0003437,-83.01810701666666,86.0,23.41,True,False,False
Spin,70d5135c-9a69-42eb-a20e-067d1b4a2566,e-bike,40.000359499999995,-83.0181432,39.0,10.54,True,False,False
Spin,7e6e0b7f-c0ce-4643-a776-ee60c5601fb5,e-bike,40.00035711666667,-83.01812386666667,33.0,9.07,True,False,False
Spin,dff520d9-5d3b-448a-a47a-128568cc2083,e-bike,40.00036,-83.0181475,65.0,17.56,True,False,False
Spin,983e56cd-7673-422d-8ee2-881c30421e00,e-bike,40.0003439,-83.0181183,86.0,23.41,True,False,False
Spin,ce2b500c-09a7-41f8-a19f-11823dda536b,e-bike,40.0038818,-83.01474209999999,87.0,23.71,True,False,False
Spin,ee30a839-e01c-4e16-b4b0-22c5d8c41a38,e-bike,40.0032352,-83.01863049999999,54.0,14.63,True,False,False
Spin,b1e5d0bd-00bd-430b-84ee-af028a826316,e-bike,40.0047983,-83.01182969999999,73.0,19.9,True,False,False
Spin,31fc0c2b-2c38-4c4c-92aa-1c95d6359f31,e-bike,39.99807813333334,-83.03849039999999,87.0,23.71,True,False,False
Spin,96881af7-11a0-4f65-bac0-d34e415065bb,scooter,39.995497,-83.010817,52.0,14.05,True,False,False
Spin,85aef74e-f26e-4ac2-b7d1-790ea4d1d1e8,scooter,40.000145,-83.021452,89.0,24.29,True,False,False
Spin,37945543-1e22-4713-9210-732b359387fa,e-bike,39.99695753333333,-83.01971899999998,24.0,6.44,True,False,False
Spin,aee34c4f-7587-4a4c-8b47-79f062f072d0,e-bike,40.0039696,-83.01730739999999,51.0,13.76,True,False,False
Spin,1e23a150-1071-4e83-a24a-5df609386fc5,scooter,40.0048677,-83.00934170000001,89.0,24.29,True,False,False
Spin,23169c31-b852-4cd2-bc83-8d7721638063,e-bike,39.99851361666666,-83.02176766666668,33.0,9.07,True,False,False
Spin,eefe9f0e-003d-45f3-bc44-22e0a63b44ec,e-bike,39.998435783333335,-83.02162191666666,47.0,12.88,True,False,False
Spin,55db6f74-2093-4178-a0bb-a243992ba252,e-bike,39.99850993333334,-83.0217395,41.0,11.12,True,False,False
Spin,3b2f0c29-78fe-448e-be0d-0a7567f7aba9,e-bike,39.99843073333333,-83.02168699999999,51.0,13.76,True,False,False
Spin,edf38738-5857-4ef0-b029-51de6e00a6fa,e-bike,39.99850763333333,-83.0217834,86.0,23.41,True,False,False
Spin,261bdd47-8654-44b1-8313-360a93366a27,e-bike,39.99744363333333,-83.0212406,46.0,12.58,True,False,False
Spin,dd073777-7f02-4928-85ba-7f3e1888bad8,e-bike,40.001287299999994,-83.0130045,44.0,12.0,True,False,False
Spin,b10d0b35-d422-4dce-aaa4-91d5c70b3752,scooter,39.99765243333333,-83.02943320000001,73.0,19.9,True,False,False
Spin,bd6f0151-11b2-4b83-986f-922bc78afa39,e-bike,39.996201533333334,-83.0105363,60.0,16.39,True,False,False
Spin,2b420c56-1dce-48b8-be8e-69d5a234ea56,e-bike,40.00174666666667,-83.02453166666668,37.0,9.95,True,False,False
Spin,5d30c099-997e-44e7-ad70-1d20233b1f15,e-bike,40.0058964,-83.0096064,82.0,22.24,True,False,False
Spin,e3f0b287-da07-46fd-8a16-c914515c6de6,e-bike,39.997044833333334,-83.01803130000002,54.0,14.63,True,False,False
Spin,b2f81ac7-4594-4649-9eee-3f7bad2d21ff,e-bike,39.99383613333334,-83.0126986,75.0,20.49,True,False,False
Spin,079a8382-c2d6-473a-8284-47fbbed90eb7,e-bike,39.99637203333334,-83.0169529,51.0,13.76,True,False,False
Spin,feaf557c-4fc3-4cdb-b319-fa9801cffa0b,e-bike,39.99610493333333,-83.00944919999999,26.0,7.02,True,False,False
Spin,812810d9-7b6b-400b-a6a4-4eb9c1f4c419,scooter,39.998624,-83.021434,73.0,19.9,True,False,False
Spin,ec9c566e-7f7b-49ca-9648-0349d4384839,e-bike,39.99910753333334,-83.01896430000001,35.0,9.66,True,False,False
Spin,7e5f0902-f2d6-4a86-b013-b3cb66349b6c,e-bike,39.99391573333333,-83.0127468,66.0,17.85,True,False,False
Spin,464157c3-d38e-4f33-a58c-f4abd2eb719b,scooter,40.004983,-83.008948,75.0,21.44,True,False,False
Spin,04c69754-6d96-4219-b612-4db6d483c160,scooter,40.004085,-83.008694,65.0,17.56,True,False,False
Spin,b40ea395-f9a7-441f-973c-da79cdbfbfa6,e-bike,40.0003526,-83.0181226,92.0,25.17,True,False,False
Spin,e72fa3e8-90b3-4fb3-9c9a-83ec273cb4c5,e-bike,40.0027741,-83.0165439,31.0,8.49,True,False,False
Spin,c9e78363-da1e-4d04-b767-d4fd3f87ad5c,e-bike,40.0021288,-83.010532,98.0,26.63,True,False,False
Spin,e4ac33e1-37cc-4076-bdb2-a5f502919044,e-bike,40.0030193,-83.0088753,32.0,8.78,True,False,False
Spin,0a991dff-425c-407b-b2c5-dd281c71bb41,e-bike,40.005562700000006,-83.01032060000001,99.0,26.93,True,False,False
Spin,749ecaca-4262-4715-b866-3d0e458c21c0,e-bike,40.0046459,-83.0132507,81.0,21.95,True,False,False
Spin,5750cc72-28de-4fbd-a8d9-a9128ca0250b,e-bike,40.0046723,-83.01320839999998,55.0,14.93,True,False,False
Spin,8e99da19-2119-4d9b-bbaf-1400eff150c6,e-bike,39.99842053333334,-83.0214526,42.0,11.41,True,False,False
Spin,c0f81046-2456-4cf1-b9f9-b0a18a03f8c8,scooter,40.0046631,-83.00947390000002,58.0,15.8,True,False,False
Spin,2466789c-7639-4eda-98fb-996fc1e4b807,e-bike,39.99928258333333,-83.02149331666666,44.0,12.0,True,False,False
Spin,9855ca24-fb34-4bfe-9210-10a59a9a9692,e-bike,39.999284933333335,-83.02149030000001,61.0,16.68,True,False,False
Spin,25d79fa9-059f-4bdc-bf2b-2ed5633b823f,e-bike,39.996987733333334,-83.0197347,89.0,24.29,True,False,False
Spin,3b18f6f1-e914-47c3-8c35-ca294c9751db,scooter,39.995563,-83.012396,63.0,17.27,True,False,False
Spin,5eaf700d-5a03-47a7-9f63-7c1c97100a9d,e-bike,39.999777933333334,-83.02134980000001,86.0,23.41,True,False,False
Spin,3d5e8cca-5b07-4a1b-9c22-e1abf1f3f511,e-bike,39.999292233333335,-83.0214904,87.0,23.71,True,False,False
Spin,656a37ab-023f-4420-b4b8-4c9f758a0e69,e-bike,39.99928093333333,-83.02149230000002,91.0,24.88,True,False,False
Spin,14dba5f9-d930-4dd3-99bc-a057b34123f6,scooter,40.003984,-83.013087,57.0,15.51,True,False,False
Spin,5598454f-c183-41e8-9d64-b9ca9d91898c,e-bike,39.99928583333334,-83.02148889999998,87.0,23.71,True,False,False
Spin,7f4c1650-c9f5-4b4a-b4bb-7430b18626b9,e-bike,40.0038593,-83.01332140000001,22.0,5.85,True,False,False
Spin,50d80d69-136a-4e87-8c21-0113dcebd688,e-bike,40.0038549,-83.01332120000001,40.0,10.83,True,False,False
Spin,e1001a9c-c39e-4a1e-9408-e37f3995b387,e-bike,40.005566300000005,-83.0116444,29.0,7.9,True,False,False
Spin,e1e9d56b-b3b6-436b-8a4a-debd89f611b4,e-bike,40.003861199999996,-83.01328,57.0,15.51,True,False,False
Spin,7e03dc53-3c14-4683-aeb9-1cb9092f55e6,e-bike,39.999291533333334,-83.0214986,94.0,25.46,True,False,False
Spin,ae1d4825-b735-4940-86d1-0b1a59eefd4e,e-bike,39.999273233333334,-83.02148659999999,92.0,25.17,True,False,False
Spin,33b1a66d-6f40-4ccf-9207-a0192dc754b5,e-bike,40.000117599999996,-83.0214139,73.0,19.9,True,False,False
Spin,86c39a04-c0a0-4d6d-af23-962f58d9e059,e-bike,39.99928653333333,-83.02149310000001,88.0,24.0,True,False,False
Spin,62cbd37b-56c4-4835-a649-7a418b536efc,e-bike,40.005604999999996,-83.01394499999999,99.0,26.93,True,False,False
Spin,855b6a05-5eff-4751-8f28-9c8886c09996,e-bike,39.99927803333333,-83.02148749999999,88.0,24.0,True,False,False
Spin,2aafccbd-62b0-4ccd-bcab-7d0f2354361d,e-bike,40.0041232,-83.01526919999999,98.0,26.63,True,False,False
Spin,324052df-71a0-4da6-bbb1-eda61c3ab91f,e-bike,39.99929623333333,-83.02150850000001,92.0,25.17,True,False,False
Spin,21ac7f1e-003f-4145-a644-bb854489b804,e-bike,39.999294133333336,-83.0214977,70.0,19.02,True,False,False
Spin,ef7bf4d5-575e-4896-9bef-07922383e22d,e-bike,40.0038532,-83.0133408,100.0,27.22,True,False,False
Spin,b4578c92-6829-46d0-8e59-f92e1eb2f939,scooter,39.99926503333334,-83.02149370000001,22.0,5.85,True,False,False
Spin,6825d580-53f7-4935-801d-e2c5e23374d8,scooter,39.99927383333333,-83.02148889999998,100.0,27.22,True,False,False
Spin,8d5df3e3-6719-4ff4-9598-4082939b3996,scooter,39.999275133333335,-83.0214979,41.0,11.12,True,False,False
Spin,47025621-b74d-4ec6-9329-a7b5bf71a597,scooter,39.99928803333333,-83.0215022,77.0,21.07,True,False,False
Spin,6aba607d-d350-4968-a48e-c4197624e67f,scooter,40.001965,-83.008512,41.0,11.64,True,False,False
Spin,1ac12f07-ad6a-4fe2-9cdb-7f7ca3db14d4,scooter,39.99926503333334,-83.02149200000001,77.0,21.07,True,False,False
Spin,d779c3d8-27b9-4ad8-aeb8-4d7dd2711fab,e-bike,39.99412243333334,-83.0068184,48.0,13.17,True,False,False
Spin,ebbb36d5-b61c-4ff7-9c98-71c175b1e9e2,e-bike,40.0062722,-83.01779890000002,71.0,19.32,True,False,False
Spin,77d5b782-feaf-4c55-ba59-49f8dd2d7442,e-bike,40.006257,-83.0178098,73.0,19.9,True,False,False
Spin,05fdc952-bff4-4a3a-be23-ae308e14a628,e-bike,40.00625166666667,-83.01782,48.0,13.17,True,False,False
Spin,65203ecd-37c6-4c29-81e7-1dddc92f7f10,e-bike,40.0062706,-83.01780920000002,73.0,19.9,True,False,False
Spin,6926a7d7-1df5-4b0d-8cca-cab5a7ac4dd0,e-bike,40.006255,-83.01781000000001,30.0,8.19,True,False,False
Spin,213d0674-e84c-4e2c-aca3-67ef38723163,e-bike,40.006276699999994,-83.0178335,22.0,5.85,True,False,False
Spin,6351b9e9-723f-4d2c-b410-fd155dadb811,e-bike,40.000347600000005,-83.0181091,67.0,18.15,True,False,False
Spin,ad31a256-22fa-4bec-9aaa-e6b940701126,e-bike,40.0003233,-83.0181014,82.0,22.24,True,False,False
Spin,301ca4a4-30e9-474a-bcc2-3ae25958b7f0,e-bike,40.0003391,-83.0180885,87.0,23.71,True,False,False
Spin,709ac8f2-a80c-4f73-aef8-a7e8d01fe3fa,e-bike,39.998546133333335,-83.0214814,23.0,6.15,True,False,False
Spin,5d07bef1-0c39-4a52-b40a-637d88e0e5c8,e-bike,40.0046314,-83.02127639999999,68.0,18.44,True,False,False
Spin,fec48938-7365-4446-b95f-11b32129373a,e-bike,40.0046398,-83.0212756,68.0,18.44,True,False,False
Spin,9b7b5849-670c-4869-91da-df5eddda72e5,e-bike,39.99681673333334,-83.0133963,74.0,20.19,True,False,False
Spin,60c89546-8b05-43e8-8de0-b8b4d8a0ff28,e-bike,39.99593993333334,-83.0097699,43.0,11.71,True,False,False
Spin,46d7ea27-a0c5-437e-8c6d-e379644f293c,scooter,39.99942173333333,-83.0390889,56.0,15.22,True,False,False
Spin,1241dff4-8588-4524-8654-7c0ea7efd9d3,e-bike,39.99993063333333,-83.0213427,88.0,24.0,True,False,False
Spin,92a72d63-2698-4835-8171-5ec320c5712d,e-bike,40.0017765,-83.0140274,65.0,17.56,True,False,False
Spin,935872ba-b679-4fc9-9ea3-59ca210b206a,e-bike,40.0000509,-83.02136110000001,67.0,18.15,True,False,False
Spin,50f119ba-35b5-4feb-a453-84cd281b040a,scooter,40.004731,-83.021276,99.0,26.93,True,False,False
Spin,51525afa-a0e1-4a8c-b39f-7d2805b25702,scooter,40.004652,-83.021312,99.0,26.93,True,False,False
Spin,2828216d-16dd-49a4-9cfc-7590f26c25c7,e-bike,40.001938,-83.01651160000002,26.0,7.02,True,False,False
Spin,a2773e14-811a-4174-8599-ea91fcaccfbd,e-bike,40.0019406,-83.01645680000001,63.0,17.27,True,False,False
Spin,57b16d2b-64e2-4db7-8af8-f4a95d7ccdbc,e-bike,40.002529800000005,-83.01785909999998,53.0,14.34,True,False,False
Spin,ec983d77-6756-4973-9381-e0ba3a3b8924,e-bike,39.998128433333335,-83.0095667,42.0,11.41,True,False,False
Spin,7b3003a3-19d3-4597-9c5b-d1766676f0fa,e-bike,39.998124233333336,-83.0095128,61.0,16.68,True,False,False
Spin,8e364e62-9c00-4ec7-b23d-428a706dddc6,e-bike,40.003734900000005,-83.0127743,51.0,13.76,True,False,False
Spin,d0a57f86-031c-4327-b896-50ea4365866e,e-bike,40.0046962,-83.01324389999999,91.0,24.88,True,False,False
Spin,2756a6a6-5d01-4336-a424-8783c5145f1c,e-bike,40.0054631,-83.00996289999999,90.0,24.58,True,False,False
Spin,da1e8399-a3e1-466e-acca-982c248ac63f,e-bike,40.0022501,-83.01081870000002,41.0,11.12,True,False,False
Spin,d45c4502-72d1-43c9-a0f6-c51d5fe5bf38,e-bike,40.000052,-83.02138670000001,48.0,13.17,True,False,False
Spin,cb41a922-dd18-44d6-826c-0131639b2c9f,scooter,39.995541,-83.01234,66.0,17.85,True,False,False
Spin,0e2715dc-5b53-4842-87ae-3ef17e374000,scooter,39.999779,-83.02147,35.0,9.66,True,False,False
Spin,ba7269b2-6b8b-4676-8775-a3547135cb77,scooter,39.997067,-83.00749,37.0,10.42,True,False,False
Spin,a4032f5e-e1e7-44da-b999-14bce3f6b18e,scooter,40.006187,-83.016501,96.0,26.05,True,False,False
Spin,bc392654-359d-44e3-9751-12e703c21f43,e-bike,39.99957263333333,-83.02129369999999,31.0,8.49,True,False,False
Spin,677b78b8-b134-47d3-bd72-14ffb2c9fb9a,e-bike,40.00507330000001,-83.0092804,28.0,7.61,True,False,False
Spin,d22ce323-612b-4638-a49d-e67a0d915a8a,e-bike,40.00033,-83.01807166666667,82.0,22.24,True,False,False
Spin,fbe4f5f2-d539-4d6e-9006-d89371d0bba6,e-bike,40.00031833333333,-83.01806499999999,97.0,26.34,True,False,False
Spin,87a7f053-06de-4d78-8725-5e033153dc02,e-bike,40.00025666666667,-83.01804333333332,27.0,7.32,True,False,False
Spin,6783e2c4-0dfd-4243-a32b-cf88eb1dd4e0,e-bike,40.00033666666666,-83.01805833333334,75.0,20.49,True,False,False
Spin,c8f5d703-0802-434e-bb14-338540743661,e-bike,40.00033166666666,-83.01808000000001,86.0,23.41,True,False,False
Spin,6f2e15c7-6add-4fb2-9167-25ccc7962290,e-bike,40.00031666666666,-83.01804666666666,65.0,17.56,True,False,False
Spin,e701f213-71d2-45d8-826f-35326e7f18cd,e-bike,40.00033,-83.01805666666665,24.0,6.44,True,False,False
Spin,a1036bed-e864-4f7e-9852-04f08d00382a,e-bike,40.00029833333333,-83.01805666666665,30.0,8.19,True,False,False
Spin,b24aa2d3-0358-4430-8876-e8bd60ebe630,e-bike,39.994351933333334,-83.00705119999999,54.0,14.63,True,False,False
Spin,5e46f955-afa3-4c7f-a314-4cbee2ec32e6,e-bike,40.0003306,-83.01809989999998,89.0,24.29,True,False,False
Spin,d00b4a5d-ddcf-4b28-8608-a3125c31a607,e-bike,40.0053269,-83.01094049999999,78.0,21.36,True,False,False
Spin,e714f165-1fe4-46b2-9d4a-6c9d62f4c098,e-bike,39.99554343333333,-83.00967770000001,91.0,24.88,True,False,False
Spin,d05a1f46-acc6-45d8-aaa9-0c1f8e4a6027,scooter,40.0036176,-83.0186701,67.0,18.15,True,False,False
Spin,e663aed5-6417-4527-bd20-58d98733b6f5,e-bike,40.0047087,-83.01202730000001,42.0,11.41,True,False,False
Spin,a83d387c-9595-4d5d-b51a-37950276156e,e-bike,39.99613333333333,-83.01113519999998,92.0,25.17,True,False,False
Spin,be2d2461-3074-480f-b824-4c2420c27e58,scooter,39.996999,-83.007515,55.0,15.62,True,False,False
Spin,1a2724ab-f241-42b3-9789-128f64c9fe91,e-bike,40.0041338,-83.01293949999999,43.0,11.71,True,False,False
Spin,7bfad44e-6abe-434c-9580-038c519ea44a,e-bike,40.000354,-83.01815380000001,47.0,12.88,True,False,False
Spin,bf376bb2-92a1-4441-9cad-d70e56a0972c,e-bike,40.0003677,-83.01813339999998,40.0,10.83,True,False,False
Spin,21eaeb99-60dc-4f36-ad74-3e82acfa8810,e-bike,40.000363549999996,-83.01813618333333,74.0,20.19,True,False,False
Spin,bb49b0f0-69e3-4a51-9591-dc6d6987e384,e-bike,40.0003727,-83.01815069999999,92.0,25.17,True,False,False
Spin,eb940357-9f4c-4650-a8a2-397885586392,e-bike,40.00039736666667,-83.01819374999998,39.0,10.54,True,False,False
Spin,96539ca3-0099-4404-9cd6-5077869d0205,e-bike,40.00037,-83.0181619,35.0,9.66,True,False,False
Spin,0c813b39-57c4-40bd-9c7c-15254ca9ac28,e-bike,40.0003604,-83.01813259999999,35.0,9.66,True,False,False
Spin,9504be3f-6b03-4930-93fc-31ad483403db,e-bike,40.0003546,-83.01814100000001,39.0,10.54,True,False,False
Spin,7b095ad5-0607-4b40-ba04-e961e1946673,e-bike,40.002490699999996,-83.01400550000001,18.0,4.98,True,False,False
Spin,a2eb2fe8-17ff-4f3a-bf88-d9f4be64cdee,e-bike,39.99551073333334,-83.0096561,89.0,24.29,True,False,False
Spin,93b321ad-a9a1-4276-a915-65bfd88b3db4,e-bike,39.99546873333334,-83.00970899999999,40.0,10.83,True,False,False
Spin,a58a70c6-3b10-4bc8-87fd-46d85524d71e,e-bike,40.00012160000001,-83.0214165,26.0,7.02,True,False,False
Spin,82f264c9-033b-442d-ac91-68333d52875c,e-bike,40.000098699999995,-83.0214197,89.0,24.29,True,False,False
Spin,a47d4b96-6435-41e0-8836-a55fae47178d,e-bike,40.0000222,-83.02140349999999,88.0,24.0,True,False,False
Spin,ae7d6654-f1d0-4411-a169-bec33e57bc85,e-bike,39.999294633333335,-83.0214961,91.0,24.88,True,False,False
Spin,c980f4b9-779d-4de5-b244-f43221a1263f,e-bike,39.998469633333336,-83.02164113333335,100.0,27.22,True,False,False
Spin,ed72f474-ff05-480a-9c4b-8c49e9a266c4,scooter,40.003781,-83.009331,89.0,25.43,True,False,False
Spin,2a3e6f7c-76d5-41d7-9bc8-20c68cbdf288,e-bike,39.99833063333333,-83.0213772,91.0,24.88,True,False,False
Spin,257900b7-801f-468b-9a46-cb9c3459ce61,e-bike,40.000098200000004,-83.0214184,100.0,27.22,True,False,False
Spin,96a4b705-e661-4c8d-90a0-d66ee90f6580,e-bike,39.99421443333333,-83.01273959999999,94.0,25.46,True,False,False
Spin,bedac721-b007-4400-9927-7b2096d2f607,e-bike,39.99664523333333,-83.010802,42.0,11.41,True,False,False
Spin,0ea58070-4c1f-458a-bd47-10dbe523e630,e-bike,40.0015187,-83.0481486,23.0,6.15,True,False,False
Spin,7bf4a45a-626b-40fe-801d-b9efe9ac083d,e-bike,40.0067292,-83.02354509999999,22.0,5.85,True,False,False
Spin,c6546865-ad0d-4ffc-b512-a045ac93f292,e-bike,39.994042033333336,-83.0072409,26.0,7.02,True,False,False
Spin,2713e636-80f3-4cd8-8dca-268c99468964,e-bike,39.996302033333336,-83.0105999,24.0,6.44,True,False,False
Spin,b22fb9ff-5ce4-4a04-8912-ba4f23c936cb,scooter,39.995215433333335,-83.00696520000001,45.0,12.29,True,False,False
Spin,1bddfb09-5938-423d-9a5e-f093b8711b93,e-bike,39.99665293333333,-83.01192520000001,87.0,23.71,True,False,False
Spin,2f98cff9-d982-4cb3-b815-d688fc8f9949,e-bike,39.996641733333334,-83.01192799999998,86.0,23.41,True,False,False
Spin,ea19ab7e-896d-4a21-a307-2bc26d7b9ac5,scooter,39.99503393333334,-83.01676109999998,90.0,24.58,True,False,False
Spin,19e51e29-6791-4ad0-9b18-71e6da92c607,e-bike,39.996631666666666,-83.01188833333332,78.0,21.36,True,False,False
Spin,9117823d-d02a-4cc2-aa74-c6155c851b50,e-bike,39.996631533333336,-83.0119314,95.0,25.75,True,False,False
Spin,6845d586-97ae-419c-9f6b-716f8d051083,scooter,39.99270613333333,-83.0154465,18.0,4.98,True,False,False
Spin,a6927bec-c1c4-4d3e-a1a3-878c434aa170,e-bike,39.99664873333334,-83.0119206,89.0,24.29,True,False,False
Spin,b02b7916-ccd4-41fb-bd13-b78b84392a8b,e-bike,39.99663043333333,-83.01189649999999,89.0,24.29,True,False,False
Spin,dcb9183b-7360-48cb-a1c3-d967fcbf1155,e-bike,39.99664493333333,-83.01191339999998,92.0,25.17,True,False,False
Spin,97c36811-254e-444e-9253-d1a0136dc1ff,e-bike,39.996641233333335,-83.011902,60.0,16.39,True,False,False
Spin,7ea4c31c-3660-418a-9967-b1cef3977803,e-bike,39.996638733333334,-83.01191089999999,38.0,10.24,True,False,False
Spin,794a1ae8-0284-43d3-b186-f87f3b7635d1,e-bike,39.996640533333334,-83.01192189999999,20.0,5.56,True,False,False
Spin,245785c8-f3fe-4bd0-b8db-ff92b32ea305,scooter,40.000439,-83.016478,77.0,21.07,True,False,False
Spin,3f95d2e7-fa4b-4c3b-8288-d0f126204502,e-bike,39.99664833333333,-83.01186000000001,69.0,18.73,True,False,False
Spin,5a87bdca-9b0e-4d4d-b42c-f0f68acae39d,e-bike,39.996655000000004,-83.01186833333334,95.0,25.75,True,False,False
Spin,de19d9c0-d853-4993-86cb-c78bbc67ff4a,e-bike,39.995414833333335,-83.00963359999999,100.0,27.22,True,False,False
Spin,88365af3-8e11-455c-a1b8-c3415707b797,e-bike,40.0039405,-83.01773309999999,32.0,8.78,True,False,False
Spin,c61f9ea6-a798-4f4c-95e3-34956d15c5a1,scooter,40.0024817,-83.0088342,100.0,27.22,True,False,False
Spin,08bc924c-855d-4c6b-9e7f-c6d9ef2ca364,scooter,40.000686,-83.01466540000001,100.0,27.22,True,False,False
Spin,75db830e-e842-4e92-9bbb-cc7b5435c37e,e-bike,40.0005773,-83.01464239999999,95.0,25.75,True,False,False
Spin,b4cc3ffa-9d5d-4c46-851d-1aaa789cc79e,e-bike,40.010051,-83.02671989999999,55.0,14.93,True,False,False
Spin,9854d5cd-e3e5-43e4-a6f6-23222d6d8cc1,e-bike,40.00017758333333,-83.00801483333335,52.0,14.05,True,False,False
Spin,61dbc8bc-d157-4080-9c79-42eb0ba01285,e-bike,40.00017428333333,-83.00801795000001,23.0,6.15,True,False,False
Spin,92803af3-7fcd-436a-b67b-7fbd1ec687f6,e-bike,40.0001859,-83.00801075,62.0,16.97,True,False,False
Spin,67192bff-4f35-4ac5-8756-37fd77cf3cfe,e-bike,40.00017238333333,-83.00801758333334,77.0,21.07,True,False,False
Spin,e243cc3f-c3b4-4152-a226-b605c5ef9d18,e-bike,40.00017428333333,-83.00800503333333,24.0,6.44,True,False,False
Spin,c6ef0ab3-db2f-44e1-a3a9-e5d0409acc0a,e-bike,39.994116133333335,-83.0068356,92.0,25.17,True,False,False
Spin,5cff7f47-6e1b-4c90-b105-3dc87cb8634a,e-bike,39.99758713333333,-83.01348490000001,63.0,17.27,True,False,False
Spin,52c9e734-ef11-442f-b793-139b07686eab,e-bike,39.99550263333333,-83.00968970000001,88.0,24.0,True,False,False
Spin,a301c84d-9c5a-4377-87fb-12aee89be58c,scooter,39.99414193333334,-83.00684879999999,80.0,21.66,True,False,False
Spin,d0b6822e-2ca5-4671-9cfb-96c161d2af08,scooter,39.99412793333333,-83.0068524,33.0,9.07,True,False,False
Spin,cc1b4203-eafc-4803-a1e6-87a95bbb8711,scooter,39.994120433333336,-83.0068869,84.0,22.83,True,False,False
Spin,eaef9079-5a11-436d-a256-b16c48683661,e-bike,39.994029999999995,-83.00673833333333,56.0,15.22,True,False,False
Spin,c2aeaa61-2802-466f-b4e0-9f1f67a103cf,e-bike,39.994108833333335,-83.0067927,35.0,9.66,True,False,False
Spin,76d875a9-d9ec-4305-b571-8878a82984d3,e-bike,39.99410363333333,-83.0067994,82.0,22.24,True,False,False
Spin,3db44928-2796-4d66-94b7-abd0689f01c2,e-bike,39.994057233333336,-83.0067607,57.0,15.51,True,False,False
Spin,73af8004-da3b-40f9-b923-a4d8c9d94804,e-bike,39.99404963333333,-83.00673049999999,52.0,14.05,True,False,False
Spin,493d9b32-3598-4f8c-b50c-8ffeae4f090a,e-bike,39.99405273333333,-83.00675170000001,99.0,26.93,True,False,False
Spin,5d96b48d-9ff2-4e2a-9404-a5229571f37d,e-bike,39.99405813333333,-83.0067289,20.0,5.56,True,False,False
Spin,e4b99095-d1e3-420b-bb3a-b184714aa5a7,scooter,39.9941,-83.006783,95.0,25.75,True,False,False
Spin,6055e649-5273-4094-8b5c-e4edef799793,e-bike,39.99839923333333,-83.0214026,53.0,14.34,True,False,False
Spin,915fcb1e-200a-4845-9df5-a12e9bbbd97e,e-bike,39.996924633333336,-83.01984900000001,92.0,25.17,True,False,False
Spin,87bfd99e-6875-4399-adab-eba863bfd5c7,scooter,40.0009925,-83.0080904,43.0,11.71,True,False,False
Spin,8314fa20-b06c-44b4-90f9-b87c70704714,e-bike,39.99404683333333,-83.0067555,42.0,11.41,True,False,False
Spin,7643ad50-6cb2-4f0b-aa61-3a85b2175841,e-bike,40.00674166666667,-83.02424,0.0,,False,True,False
Spin,53b4499e-d068-475e-83bb-cc9023e4c5fc,scooter,40.0039869,-83.01259389999998,10.0,2.63,False,True,False
Spin,9683c509-1fb1-497f-b193-f59e0348e295,scooter,39.997092,-83.009239,3.0,0.88,False,True,False
Spin,7f42b42d-04b5-4e30-8230-fc0d99d03d5f,e-bike,40.0046443,-83.0212857,0.0,,False,True,False
Spin,5a0f6fc3-18b7-403e-aefe-a0b5fd240012,e-bike,40.00469333333333,-83.02131666666668,13.0,3.51,False,True,False
